01 02 06 08 09 18 21 Jan
01 02 06 09 13 20 30 Fev
01 02 06 10 11 12 18 Mar
01 02 06 10 21 24 29 Abr
01 02 05 06 09 23 29 Mai
01 02 05 08 15 17 18 Jun
01 02 05 08 15 24 25 Jul
01 02 04 07 13 23 26 Ago
01 02 04 08 10 12 28 Set
01 02 04 08 23 26 28 Out
01 02 04 09 17 21 31 Nov
01 02 04 11 17 18 28 Dez
01 02 04 12 17 27 28 Jan
01 02 03 04 24 27 28 Fev
01 02 03 09 13 24 30 Mar
01 02 03 15 16 17 20 Abr
01 02 03 15 20 30 31 Mai
01 02 08 09 14 16 29 Jun
01 02 08 09 16 25 29 Jul
01 02 08 09 17 18 19 Ago
01 02 08 10 13 20 26 Set
01 02 08 10 14 16 18 Out
01 02 08 10 17 18 27 Nov
01 02 08 11 12 17 21 Dez
01 02 08 18 21 22 23 Jan
01 02 07 09 14 16 29 Fev
01 02 07 11 14 15 30 Mar
01 02 07 11 14 21 27 Abr
01 02 07 12 14 17 29 Mai
01 02 07 12 16 20 25 Jun
01 02 07 12 19 23 28 Jul
01 02 07 13 18 21 24 Ago
01 02 07 16 17 26 29 Set
01 02 07 18 20 24 29 Out
01 02 09 10 16 23 28 Nov
01 02 09 13 14 16 29 Dez
01 02 09 14 16 25 29 Jan
01 02 09 17 18 19 22 Fev
01 02 09 17 19 20 22 Mar
01 02 09 18 21 26 30 Abr
01 02 10 13 25 29 30 Mai
01 02 10 15 22 23 28 Jun
01 02 10 16 24 25 27 Jul
01 02 10 19 24 26 28 Ago
01 02 14 17 23 25 26 Set
01 02 11 13 19 21 24 Out
01 02 11 16 18 19 27 Nov
01 02 17 23 24 25 31 Dez
01 02 16 23 24 25 30 Jan
01 03 07 09 13 25 28 Fev
01 03 07 09 16 24 26 Mar
01 03 07 10 17 28 31 Abr
01 03 07 10 23 27 31 Mai
01 03 07 12 26 27 28 Jun
01 03 07 14 16 23 30 Jul
01 03 07 15 16 29 31 Ago
01 03 06 15 17 23 26 Set
01 03 06 15 20 23 26 Out
01 03 05 06 08 17 19 Nov
01 03 05 06 08 26 29 Dez
01 03 05 06 15 20 23 Jan
01 03 05 06 15 23 26 Fev
01 03 05 07 20 22 29 Mar
01 03 05 08 15 16 24 Abr
01 03 05 08 15 24 25 Mai
01 03 05 08 24 25 26 Jun
01 03 05 10 13 14 26 Jul
01 03 05 10 14 25 31 Ago
01 03 05 14 20 24 26 Set
01 03 05 20 24 25 26 Out
01 03 04 05 18 22 25 Nov
01 03 04 06 14 16 26 Dez
01 03 04 08 13 23 25 Jan
01 03 04 11 15 19 28 Fev
01 03 04 20 23 25 26 Mar
01 03 08 13 17 21 23 Abr
01 03 09 14 22 23 29 Mai
01 03 09 16 17 21 22 Jun
01 03 10 12 17 23 24 Jul
01 03 10 13 15 18 27 Ago
01 03 10 14 17 18 19 Set
01 03 10 14 17 28 31 Out
01 03 10 14 17 30 31 Nov
01 03 12 15 16 17 20 Dez
01 03 12 15 22 24 30 Jan
01 03 15 16 17 20 29 Fev
01 03 15 16 17 20 31 Mar
01 03 15 16 17 29 31 Abr
01 03 15 16 20 29 31 Mai
01 03 15 17 20 29 31 Jun
01 04 08 10 20 22 31 Jul
01 04 08 12 22 24 28 Ago
01 04 08 13 19 22 25 Set
01 04 08 14 19 22 26 Out
01 04 07 09 11 19 27 Nov
01 04 07 09 20 21 26 Dez
01 04 07 09 20 25 26 Jan
01 04 07 09 20 25 31 Fev
01 04 07 10 15 25 31 Mar
01 04 07 11 12 13 20 Abr
01 04 07 11 16 20 24 Mai
01 04 06 08 12 24 30 Jun
01 04 06 08 13 17 31 Jul
01 04 06 08 17 22 25 Ago
01 04 06 09 26 27 31 Set
01 04 06 09 27 28 31 Out
01 04 06 11 14 20 25 Nov
01 04 06 14 20 21 27 Dez
01 04 06 20 21 27 30 Jan
01 04 06 21 24 27 30 Fev
01 04 05 07 21 22 27 Mar
01 04 05 08 10 16 30 Abr
01 04 05 09 10 22 30 Mai
01 04 05 09 16 18 29 Jun
01 04 05 12 14 22 27 Jul
01 04 05 13 15 22 24 Ago
01 04 05 19 22 23 24 Set
01 04 09 14 15 25 29 Out
01 04 09 14 20 25 26 Nov
01 04 10 11 14 28 30 Dez
01 04 10 12 17 21 27 Jan
01 04 10 17 24 25 29 Fev
01 04 11 14 15 22 24 Mar
01 04 11 18 21 23 27 Abr
01 04 11 19 21 22 25 Mai
01 04 12 15 16 22 25 Jun
01 04 12 21 24 26 28 Jul
01 04 15 18 22 23 30 Ago
01 04 14 17 23 24 27 Set
01 04 13 21 22 24 27 Out
01 04 16 18 19 21 30 Nov
01 04 16 18 23 28 30 Dez
01 04 17 18 22 24 31 Jan
01 05 09 10 14 16 25 Fev
01 05 09 10 14 24 25 Mar
01 05 09 10 16 24 25 Abr
01 05 09 10 22 24 25 Mai
01 05 09 10 23 24 25 Jun
01 05 09 17 20 21 31 Jul
01 05 09 19 20 24 29 Ago
01 05 08 10 11 13 27 Set
01 05 08 10 12 25 28 Out
01 05 08 12 22 25 26 Nov
01 05 08 15 16 24 25 Dez
01 05 08 15 22 25 31 Jan
01 05 08 18 19 27 28 Fev
01 05 08 18 26 27 31 Mar
01 05 08 22 24 25 26 Abr
01 05 08 22 24 28 29 Mai
01 05 07 08 09 19 22 Jun
01 05 07 09 17 20 21 Jul
01 05 07 09 17 21 22 Ago
01 05 07 09 19 21 22 Set
01 05 07 10 19 21 22 Out
01 05 07 11 17 24 31 Nov
01 05 07 14 21 30 31 Dez
01 05 06 07 12 17 25 Jan
01 05 06 08 12 23 26 Fev
01 05 06 08 15 16 25 Mar
01 05 06 10 15 19 23 Abr
01 05 06 10 19 21 26 Mai
01 05 06 13 20 24 30 Jun
01 05 06 19 26 29 31 Jul
01 05 10 14 15 29 30 Ago
01 05 10 18 22 24 29 Set
01 05 12 13 15 20 23 Out
01 05 12 16 27 30 31 Nov
01 05 13 15 23 26 28 Dez
01 05 13 19 20 22 30 Jan
01 05 13 24 26 27 29 Fev
01 05 17 19 28 29 30 Mar
01 06 10 12 14 20 31 Abr
01 06 09 10 14 16 22 Mai
01 06 08 10 11 21 31 Jun
01 06 08 11 15 18 22 Jul
01 06 08 11 15 19 30 Ago
01 06 08 13 14 17 21 Set
01 06 08 13 15 21 25 Out
01 06 08 14 17 19 21 Nov
01 06 08 14 17 19 23 Dez
01 06 08 14 17 21 23 Jan
01 06 08 14 17 21 26 Fev
01 06 08 15 16 21 25 Mar
01 06 08 17 18 22 27 Abr
01 06 07 08 17 18 22 Mai
01 06 07 08 17 20 31 Jun
01 06 07 09 13 16 22 Jul
01 06 07 12 19 21 22 Ago
01 06 07 13 19 26 29 Set
01 06 07 14 20 21 27 Out
01 06 07 19 25 27 31 Nov
01 06 07 19 27 28 31 Dez
01 06 07 20 21 27 30 Jan
01 06 11 13 23 25 31 Fev
01 06 12 13 15 16 29 Mar
01 06 12 13 27 29 31 Abr
01 06 12 19 21 22 26 Mai
01 06 13 19 23 27 28 Jun
01 06 13 19 27 28 31 Jul
01 06 13 20 23 25 27 Ago
01 06 15 16 19 21 25 Set
01 06 15 17 22 23 26 Out
01 06 14 19 23 27 28 Nov
01 06 18 21 24 25 30 Dez
01 07 11 19 21 29 30 Jan
01 07 11 25 26 29 31 Fev
01 07 10 12 20 23 26 Mar
01 07 09 10 14 25 30 Abr
01 07 09 11 22 25 26 Mai
01 07 09 13 18 27 31 Jun
01 07 09 17 20 21 27 Jul
01 07 09 20 25 27 31 Ago
01 07 12 14 20 22 26 Set
01 07 12 14 20 29 31 Out
01 07 12 14 22 24 26 Nov
01 07 08 15 16 24 31 Dez
01 07 14 15 20 27 30 Jan
01 07 14 20 21 27 30 Fev
01 07 15 17 26 27 28 Mar
01 08 12 13 17 26 30 Abr
01 08 12 15 16 19 23 Mai
01 08 12 16 18 19 23 Jun
01 08 12 17 20 24 31 Jul
01 08 10 12 15 21 28 Ago
01 08 10 13 16 27 29 Set
01 08 10 16 20 22 27 Out
01 08 10 17 26 29 31 Nov
01 08 14 15 19 24 28 Dez
01 08 09 16 17 28 31 Jan
01 08 09 16 21 23 30 Fev
01 08 09 17 18 19 23 Mar
01 08 18 23 25 29 30 Abr
01 08 18 24 25 27 31 Mai
01 08 17 18 22 27 31 Jun
01 08 17 18 24 27 31 Jul
01 08 17 24 27 29 31 Ago
01 08 16 18 22 25 28 Set
01 08 16 20 21 26 31 Out
01 09 13 25 26 27 29 Nov
01 09 11 14 16 22 25 Dez
01 09 11 22 25 28 31 Jan
01 09 14 18 23 24 31 Fev
01 09 14 19 28 29 30 Mar
01 09 10 11 15 20 21 Abr
01 09 10 13 14 16 22 Mai
01 09 10 14 16 22 25 Jun
01 09 10 14 16 22 26 Jul
01 09 10 17 22 27 30 Ago
01 09 24 25 27 29 30 Set
01 09 20 25 27 30 31 Out
01 10 14 17 23 28 31 Nov
01 10 13 14 16 22 30 Dez
01 10 13 16 17 24 25 Jan
01 10 13 17 21 25 29 Fev
01 10 13 17 24 25 29 Mar
01 10 15 16 22 24 29 Abr
01 10 12 22 23 25 28 Mai
01 10 11 15 19 20 22 Jun
01 11 15 17 22 26 27 Jul
01 11 18 19 26 30 31 Ago
01 11 12 13 17 29 31 Set
01 11 12 13 18 27 31 Out
01 11 12 13 27 29 31 Nov
01 11 12 18 27 28 31 Dez
01 12 15 20 22 28 29 Jan
01 12 17 25 26 28 29 Fev
01 12 14 15 16 19 23 Mar
01 13 15 19 23 26 28 Abr
01 13 15 23 24 28 29 Mai
01 13 15 23 26 28 29 Jun
01 14 18 19 20 21 27 Jul
01 14 22 26 27 28 31 Ago
01 14 23 25 26 27 28 Set
01 15 19 22 23 30 31 Out
01 15 19 23 26 28 29 Nov
01 15 16 21 24 25 27 Dez
01 16 18 21 24 26 30 Jan
02 03 07 08 09 11 20 Fev
02 03 07 08 12 14 29 Mar
02 03 07 08 12 18 29 Abr
02 03 07 08 18 29 30 Mai
02 03 07 10 13 15 21 Jun
02 03 07 10 13 15 22 Jul
02 03 07 10 15 17 20 Ago
02 03 07 10 17 20 30 Set
02 03 07 10 17 20 31 Out
02 03 07 10 20 30 31 Nov
02 03 07 11 15 19 24 Dez
02 03 07 12 17 21 22 Jan
02 03 07 12 17 22 23 Fev
02 03 07 12 23 26 30 Mar
02 03 07 14 17 21 29 Abr
02 03 07 15 22 26 31 Mai
02 03 07 17 19 21 29 Jun
02 03 07 20 22 26 31 Jul
02 03 07 21 22 26 31 Ago
02 03 07 22 23 26 31 Set
02 03 06 07 17 26 29 Out
02 03 06 08 09 22 27 Nov
02 03 06 08 16 25 26 Dez
02 03 06 09 10 15 26 Jan
02 03 06 09 27 28 29 Fev
02 03 06 10 11 13 15 Mar
02 03 06 12 24 25 28 Abr
02 03 06 13 19 20 24 Mai
02 03 06 14 28 30 31 Jun
02 03 06 20 21 27 31 Jul
02 03 05 06 07 09 19 Ago
02 03 05 07 10 17 20 Set
02 03 05 09 15 22 29 Out
02 03 05 09 16 19 25 Nov
02 03 05 11 12 20 29 Dez
02 03 05 14 15 20 25 Jan
02 03 05 14 15 22 23 Fev
02 03 04 06 07 10 16 Mar
02 03 04 06 08 10 30 Abr
02 03 04 06 08 25 29 Mai
02 03 04 07 11 25 29 Jun
02 03 04 08 11 15 25 Jul
02 03 04 08 11 25 29 Ago
02 03 04 09 12 23 24 Set
02 03 04 09 13 20 25 Out
02 03 04 10 18 19 28 Nov
02 03 04 13 19 20 24 Dez
02 03 04 19 25 26 28 Jan
02 03 09 14 24 28 31 Fev
02 03 10 11 15 20 27 Mar
02 03 10 13 17 24 28 Abr
02 03 10 13 17 24 31 Mai
02 03 10 13 21 22 31 Jun
02 03 10 18 23 29 30 Jul
02 03 11 12 17 18 21 Ago
02 03 11 12 19 24 27 Set
02 03 14 15 19 21 26 Out
02 03 14 16 17 20 27 Nov
02 03 14 16 17 21 29 Dez
02 03 12 14 15 22 23 Jan
02 03 12 15 16 17 20 Fev
02 03 12 16 17 20 27 Mar
02 03 12 17 18 22 23 Abr
02 03 19 20 21 28 30 Mai
02 03 17 18 22 23 28 Jun
02 04 08 13 14 17 22 Jul
02 04 08 16 18 21 29 Ago
02 04 07 08 11 21 22 Set
02 04 07 08 13 15 27 Out
02 04 07 09 15 22 26 Nov
02 04 07 14 21 27 28 Dez
02 04 07 16 29 30 31 Jan
02 04 06 07 13 14 29 Fev
02 04 06 08 12 13 22 Mar
02 04 06 08 18 29 31 Abr
02 04 06 09 17 19 30 Mai
02 04 06 14 17 25 28 Jun
02 04 06 19 24 27 28 Jul
02 04 05 06 11 25 27 Ago
02 04 05 09 11 28 29 Set
02 04 05 09 14 23 26 Out
02 04 05 10 11 15 23 Nov
02 04 05 11 16 25 27 Dez
02 04 05 12 16 18 21 Jan
02 04 05 12 16 18 27 Fev
02 04 05 12 16 26 27 Mar
02 04 05 12 18 22 27 Abr
02 04 05 20 22 29 30 Mai
02 04 09 11 18 24 28 Jun
02 04 09 11 19 30 31 Jul
02 04 09 17 19 25 31 Ago
02 04 09 17 19 30 31 Set
02 04 10 11 14 28 30 Out
02 04 10 14 16 22 29 Nov
02 04 11 12 14 17 20 Dez
02 04 11 20 22 24 31 Jan
02 04 12 13 16 21 29 Fev
02 04 12 16 18 21 29 Mar
02 04 14 17 19 21 30 Abr
02 04 19 20 23 24 28 Mai
02 04 19 20 23 26 27 Jun
02 04 17 18 19 25 31 Jul
02 04 17 21 28 29 31 Ago
02 05 09 10 11 13 24 Set
02 05 09 10 12 23 28 Out
02 05 09 11 12 20 23 Nov
02 05 09 14 22 23 26 Dez
02 05 09 14 23 25 26 Jan
02 05 09 14 23 26 28 Fev
02 05 09 14 23 26 29 Mar
02 05 09 14 25 26 28 Abr
02 05 09 15 22 29 30 Mai
02 05 08 12 19 23 26 Jun
02 05 08 13 15 20 25 Jul
02 05 07 09 15 22 30 Ago
02 05 07 12 15 29 30 Set
02 05 07 15 21 27 29 Out
02 05 06 10 22 26 31 Nov
02 05 06 10 23 27 31 Dez
02 05 06 11 25 27 28 Jan
02 05 06 12 14 16 28 Fev
02 05 06 13 18 24 25 Mar
02 05 06 14 20 24 25 Abr
02 05 10 11 12 18 19 Mai
02 05 11 13 19 25 27 Jun
02 05 11 13 25 27 28 Jul
02 05 12 14 25 30 31 Ago
02 05 12 16 18 24 30 Set
02 05 12 19 25 28 30 Out
02 05 14 16 17 18 22 Nov
02 05 22 24 25 27 30 Dez
02 06 10 11 21 22 26 Jan
02 06 10 11 21 26 30 Fev
02 06 10 12 19 30 31 Mar
02 06 10 14 17 23 27 Abr
02 06 10 17 21 22 26 Mai
02 06 09 10 11 16 30 Jun
02 06 09 10 11 21 30 Jul
02 06 09 10 17 25 27 Ago
02 06 09 17 18 19 22 Set
02 06 07 09 20 26 29 Out
02 06 07 10 14 16 26 Nov
02 06 11 14 16 23 26 Dez
02 06 13 15 20 27 31 Jan
02 06 15 17 22 24 25 Fev
02 06 15 18 21 22 23 Mar
02 06 16 17 18 20 26 Abr
02 06 22 25 29 30 31 Mai
02 07 11 12 13 16 27 Jun
02 07 11 13 25 27 28 Jul
02 07 11 17 19 28 31 Ago
02 07 10 11 24 25 28 Set
02 07 10 13 15 21 22 Out
02 07 10 13 15 22 28 Nov
02 07 10 24 27 28 29 Dez
02 07 09 10 13 15 21 Jan
02 07 09 10 13 15 22 Fev
02 07 09 10 17 26 27 Mar
02 07 09 13 14 16 29 Abr
02 07 09 14 19 26 29 Mai
02 07 09 15 22 24 27 Jun
02 07 09 15 22 24 30 Jul
02 07 09 15 23 25 30 Ago
02 07 13 15 18 19 25 Set
02 07 13 16 18 20 29 Out
02 07 13 16 21 24 29 Nov
02 07 12 16 18 22 23 Dez
02 07 12 17 18 22 23 Jan
02 07 12 19 20 30 31 Fev
02 07 08 11 12 20 30 Mar
02 07 08 11 13 21 25 Abr
02 07 08 13 14 19 28 Mai
02 07 08 13 18 24 30 Jun
02 07 08 15 19 20 22 Jul
02 07 17 20 23 25 26 Ago
02 07 15 16 22 27 28 Set
02 07 15 19 20 23 24 Out
02 08 12 15 16 19 23 Nov
02 08 11 13 15 16 17 Dez
02 08 11 24 25 28 29 Jan
02 08 10 11 12 18 31 Fev
02 08 10 11 16 20 28 Mar
02 08 10 11 18 27 29 Abr
02 08 10 14 16 24 28 Mai
02 08 13 14 17 21 24 Jun
02 08 09 10 13 19 27 Jul
02 08 09 10 18 21 25 Ago
02 08 09 11 16 25 29 Set
02 08 09 11 17 24 28 Out
02 08 09 12 22 23 28 Nov
02 08 09 13 19 25 27 Dez
02 08 09 14 16 25 29 Jan
02 08 09 17 19 24 28 Fev
02 08 15 22 23 25 30 Mar
02 08 17 20 21 22 24 Abr
02 08 16 21 22 27 28 Mai
02 09 12 15 18 20 24 Jun
02 09 12 15 27 29 31 Jul
02 09 12 18 24 30 31 Ago
02 09 11 12 16 23 29 Set
02 09 11 13 21 28 29 Out
02 09 11 16 20 27 28 Nov
02 09 11 16 22 24 30 Dez
02 09 15 22 24 29 30 Jan
02 09 10 11 17 21 26 Fev
02 09 10 11 21 22 26 Mar
02 09 10 11 21 26 30 Abr
02 09 10 11 21 30 31 Mai
02 09 10 12 17 25 28 Jun
02 09 10 12 29 30 31 Jul
02 09 10 13 15 21 26 Ago
02 09 10 13 16 17 22 Set
02 09 10 13 18 20 29 Out
02 09 10 13 19 26 27 Nov
02 09 10 17 21 22 26 Dez
02 09 10 17 25 27 28 Jan
02 10 14 16 24 28 31 Fev
02 10 14 17 20 21 26 Mar
02 10 14 20 24 28 31 Abr
02 10 13 19 20 27 30 Mai
02 10 12 13 15 25 29 Jun
02 10 12 13 22 29 31 Jul
02 10 12 14 15 20 21 Ago
02 10 12 14 19 21 27 Set
02 10 11 13 16 19 27 Out
02 10 11 13 19 25 27 Nov
02 10 11 13 19 27 30 Dez
02 10 11 15 25 26 30 Jan
02 10 18 19 24 26 27 Fev
02 10 17 18 20 25 29 Mar
02 10 17 20 21 22 26 Abr
02 10 17 25 26 28 29 Mai
02 11 15 16 20 24 29 Jun
02 11 13 16 17 23 25 Jul
02 11 16 20 27 28 31 Ago
02 11 17 19 20 28 31 Set
02 11 17 20 28 30 31 Out
02 11 20 21 27 28 31 Nov
02 11 12 13 14 18 30 Dez
02 11 12 15 17 20 25 Jan
02 12 16 17 18 22 23 Fev
02 12 17 21 26 27 28 Mar
02 12 18 19 21 22 30 Abr
02 12 13 24 28 29 30 Mai
02 13 17 18 24 27 29 Jun
02 13 21 23 25 29 30 Jul
02 13 14 17 18 19 25 Ago
02 14 16 17 18 22 23 Set
02 14 15 16 19 20 29 Out
02 15 20 21 22 23 24 Nov
02 16 20 22 27 28 31 Dez
02 16 21 22 27 28 31 Jan
02 16 17 23 24 26 30 Fev
02 17 19 20 23 25 27 Mar
02 17 19 20 24 28 31 Abr
02 18 24 27 28 30 31 Mai
02 20 21 22 27 28 31 Jun
02 21 22 23 26 27 31 Jul
02 21 22 26 27 28 31 Ago
03 04 08 09 11 19 26 Set
03 04 08 09 15 20 23 Out
03 04 08 09 16 24 31 Nov
03 04 08 11 19 26 27 Dez
03 04 08 15 16 20 21 Jan
03 04 08 16 21 30 31 Fev
03 04 07 09 10 27 28 Mar
03 04 07 09 15 21 23 Abr
03 04 07 13 16 18 28 Mai
03 04 07 14 18 20 31 Jun
03 04 07 16 18 20 27 Jul
03 04 06 07 10 24 31 Ago
03 04 06 08 16 27 31 Set
03 04 06 09 10 18 29 Out
03 04 06 10 12 14 23 Nov
03 04 06 10 18 20 26 Dez
03 04 06 11 23 24 26 Jan
03 04 06 17 18 19 20 Fev
03 04 06 17 18 20 26 Mar
03 04 05 06 14 16 27 Abr
03 04 05 07 15 24 26 Mai
03 04 05 08 10 24 25 Jun
03 04 05 11 21 24 30 Jul
03 04 05 15 25 27 29 Ago
03 04 09 12 14 28 29 Set
03 04 09 14 18 23 30 Out
03 04 09 15 17 28 29 Nov
03 04 09 27 29 30 31 Dez
03 04 10 11 13 16 17 Jan
03 04 10 11 14 19 28 Fev
03 04 10 11 14 28 30 Mar
03 04 10 12 16 18 26 Abr
03 04 10 12 17 20 22 Mai
03 04 10 16 24 25 27 Jun
03 04 10 18 19 22 28 Jul
03 04 10 18 22 24 28 Ago
03 04 11 13 18 19 22 Set
03 04 11 14 22 25 31 Out
03 04 11 24 26 28 29 Nov
03 04 14 15 20 22 28 Dez
03 04 12 20 23 29 31 Jan
03 04 15 18 19 21 25 Fev
03 04 17 18 19 23 27 Mar
03 05 09 11 13 20 25 Abr
03 05 09 13 19 29 30 Mai
03 05 09 14 21 29 30 Jun
03 05 09 19 21 29 30 Jul
03 05 08 09 19 21 30 Ago
03 05 08 10 12 22 27 Set
03 05 08 10 21 22 24 Out
03 05 08 12 20 23 27 Nov
03 05 08 13 21 22 24 Dez
03 05 08 16 19 23 30 Jan
03 05 07 14 21 24 29 Fev
03 05 06 07 17 19 25 Mar
03 05 06 08 09 11 17 Abr
03 05 06 08 12 18 31 Mai
03 05 06 08 12 23 31 Jun
03 05 06 08 16 19 28 Jul
03 05 06 10 12 16 21 Ago
03 05 06 11 16 21 27 Set
03 05 06 11 17 21 27 Out
03 05 06 11 18 22 31 Nov
03 05 06 11 21 26 27 Dez
03 05 06 12 20 23 31 Jan
03 05 06 15 20 23 26 Fev
03 05 06 15 22 23 26 Mar
03 05 10 12 14 19 24 Abr
03 05 10 12 18 26 28 Mai
03 05 10 13 14 20 29 Jun
03 05 10 13 23 28 31 Jul
03 05 10 15 17 19 23 Ago
03 05 11 13 17 22 29 Set
03 05 11 13 23 24 26 Out
03 05 11 17 21 26 27 Nov
03 05 12 14 19 24 28 Dez
03 05 12 18 19 24 30 Jan
03 05 13 14 20 29 30 Fev
03 05 13 15 17 18 24 Mar
03 05 13 20 25 26 30 Abr
03 05 13 21 22 24 27 Mai
03 05 20 22 23 25 31 Jun
03 05 20 24 25 26 30 Jul
03 06 10 13 15 17 29 Ago
03 06 10 13 15 21 29 Set
03 06 10 15 21 25 29 Out
03 06 10 16 17 25 28 Nov
03 06 10 17 20 28 31 Dez
03 06 10 19 21 27 30 Jan
03 06 10 21 25 27 30 Fev
03 06 09 12 16 21 22 Mar
03 06 09 17 19 25 28 Abr
03 06 09 17 23 25 28 Mai
03 06 09 23 25 28 30 Jun
03 06 08 09 11 19 26 Jul
03 06 08 09 17 30 31 Ago
03 06 08 11 13 15 26 Set
03 06 08 11 23 24 28 Out
03 06 08 15 18 29 30 Nov
03 06 07 09 15 27 31 Dez
03 06 07 09 16 17 29 Jan
03 06 07 09 17 19 25 Fev
03 06 07 09 17 23 25 Mar
03 06 07 12 15 23 28 Abr
03 06 07 13 15 18 31 Mai
03 06 07 15 24 27 31 Jun
03 06 07 16 22 23 28 Jul
03 06 07 20 21 25 30 Ago
03 06 11 12 13 20 29 Set
03 06 11 13 18 26 31 Out
03 06 11 14 17 28 29 Nov
03 06 11 15 19 28 29 Dez
03 06 11 15 20 23 26 Jan
03 06 11 21 23 27 28 Fev
03 06 16 18 19 24 31 Mar
03 06 15 16 18 23 30 Abr
03 06 15 17 22 23 26 Mai
03 06 15 17 23 26 29 Jun
03 06 15 18 23 29 30 Jul
03 06 15 22 23 26 29 Ago
03 06 14 15 23 26 29 Set
03 06 14 18 19 29 31 Out
03 06 14 18 24 27 30 Nov
03 06 18 21 22 24 31 Dez
03 07 11 12 17 22 23 Jan
03 07 11 18 20 23 29 Fev
03 07 11 20 22 23 24 Mar
03 07 10 12 14 27 30 Abr
03 07 10 13 17 24 28 Mai
03 07 10 13 24 25 28 Jun
03 07 10 17 20 24 28 Jul
03 07 10 17 23 26 30 Ago
03 07 10 18 19 22 28 Set
03 07 10 19 29 30 31 Out
03 07 09 12 15 25 30 Nov
03 07 12 14 17 21 27 Dez
03 07 12 17 18 22 23 Jan
03 07 12 17 21 22 23 Fev
03 07 08 09 12 18 29 Mar
03 07 08 10 17 24 28 Abr
03 07 08 10 24 25 28 Mai
03 07 08 12 21 24 29 Jun
03 07 08 14 19 26 28 Jul
03 07 13 14 16 17 31 Ago
03 07 13 20 25 27 28 Set
03 07 14 17 19 21 29 Out
03 07 14 17 21 24 27 Nov
03 07 14 17 21 26 27 Dez
03 07 14 17 21 27 29 Jan
03 07 14 19 21 22 29 Fev
03 07 14 21 24 26 27 Mar
03 07 14 21 24 27 29 Abr
03 07 14 21 26 27 29 Mai
03 07 16 18 19 25 30 Jun
03 07 21 22 23 26 31 Jul
03 08 12 15 24 25 31 Ago
03 08 12 20 21 23 27 Set
03 08 12 20 21 27 29 Out
03 08 11 13 23 24 30 Nov
03 08 11 15 19 20 30 Dez
03 08 11 15 19 27 29 Jan
03 08 11 17 19 21 26 Fev
03 08 11 23 24 28 30 Mar
03 08 10 11 14 23 24 Abr
03 08 10 17 22 23 31 Mai
03 08 13 20 25 26 30 Jun
03 08 09 14 18 21 24 Jul
03 08 09 16 17 26 30 Ago
03 08 09 20 21 23 27 Set
03 08 09 24 28 29 31 Out
03 08 18 19 24 30 31 Nov
03 09 15 16 20 21 25 Dez
03 09 10 12 14 19 24 Jan
03 09 10 14 16 19 24 Fev
03 09 10 14 18 19 24 Mar
03 09 10 14 19 24 29 Abr
03 09 10 21 22 28 31 Mai
03 09 17 20 21 24 27 Jun
03 10 14 17 28 29 30 Jul
03 10 13 18 19 23 24 Ago
03 10 12 13 23 28 31 Set
03 10 16 19 21 23 26 Out
03 10 11 12 13 14 30 Nov
03 10 11 12 19 28 31 Dez
03 10 11 14 19 28 31 Jan
03 10 11 15 16 20 27 Fev
03 10 17 20 24 26 28 Mar
03 10 23 24 25 26 31 Abr
03 10 22 24 26 30 31 Mai
03 11 14 18 19 23 26 Jun
03 11 13 14 18 21 27 Jul
03 11 13 17 22 29 31 Ago
03 11 13 20 23 24 30 Set
03 11 13 23 24 26 30 Out
03 11 13 23 26 27 30 Nov
03 11 17 18 24 25 28 Dez
03 11 18 20 26 28 30 Jan
03 11 12 13 20 24 30 Fev
03 11 12 16 24 29 31 Mar
03 11 12 19 20 26 28 Abr
03 11 23 24 25 28 30 Mai
03 12 16 17 20 27 30 Jun
03 12 14 18 24 27 28 Jul
03 12 13 16 18 19 27 Ago
03 13 16 20 25 26 30 Set
03 13 16 20 25 27 28 Out
03 13 15 16 25 27 28 Nov
03 13 18 20 23 24 30 Dez
03 13 20 21 25 26 30 Jan
03 13 20 24 25 26 30 Fev
03 13 20 25 26 27 30 Mar
03 13 14 17 20 29 30 Abr
03 13 14 19 22 24 26 Mai
03 14 16 18 24 26 29 Jun
03 14 15 17 20 21 22 Jul
03 15 18 23 25 29 30 Ago
03 15 17 18 20 29 31 Set
03 15 17 20 21 24 31 Out
03 15 16 17 20 29 31 Nov
03 16 20 21 25 26 30 Dez
03 16 18 20 25 30 31 Jan
03 17 23 24 25 27 29 Fev
03 18 20 21 23 28 29 Mar
03 18 20 23 24 26 28 Abr
04 05 09 10 12 13 21 Mai
04 05 09 10 12 13 25 Jun
04 05 09 11 12 16 30 Jul
04 05 09 11 20 26 28 Ago
04 05 09 12 13 25 30 Set
04 05 09 13 17 18 31 Out
04 05 09 13 19 20 29 Nov
04 05 09 13 23 29 31 Dez
04 05 09 14 23 26 29 Jan
04 05 09 14 25 27 28 Fev
04 05 09 19 20 24 29 Mar
04 05 08 09 11 21 25 Abr
04 05 08 14 18 19 30 Mai
04 05 07 08 11 19 24 Jun
04 05 07 10 16 25 31 Jul
04 05 07 11 12 13 18 Ago
04 05 07 11 12 13 29 Set
04 05 07 11 13 18 30 Out
04 05 07 12 18 23 25 Nov
04 05 07 12 20 24 31 Dez
04 05 06 09 11 19 23 Jan
04 05 06 09 11 25 27 Fev
04 05 06 09 13 25 30 Mar
04 05 06 12 15 16 26 Abr
04 05 06 13 14 15 30 Mai
04 05 06 13 15 20 22 Jun
04 05 06 15 20 25 29 Jul
04 05 10 11 12 17 24 Ago
04 05 10 12 13 21 23 Set
04 05 10 12 14 17 24 Out
04 05 10 12 14 19 24 Nov
04 05 10 12 17 24 29 Dez
04 05 11 14 16 17 21 Jan
04 05 11 14 23 24 31 Fev
04 05 11 15 19 22 30 Mar
04 05 11 22 26 27 30 Abr
04 05 12 13 16 25 26 Mai
04 05 15 16 18 27 30 Jun
04 05 15 17 18 28 29 Jul
04 05 15 17 22 26 29 Ago
04 05 13 16 23 25 28 Set
04 05 13 17 23 24 29 Out
04 05 13 18 19 21 24 Nov
04 05 13 20 21 26 30 Dez
04 05 14 16 20 24 28 Jan
04 05 14 18 24 27 31 Fev
04 05 19 23 25 26 31 Mar
04 05 19 23 28 29 30 Abr
04 05 16 17 19 25 26 Mai
04 05 17 18 20 27 28 Jun
04 06 10 11 12 17 24 Jul
04 06 10 16 21 25 29 Ago
04 06 09 16 27 28 31 Set
04 06 09 26 27 28 31 Out
04 06 09 27 28 30 31 Nov
04 06 08 13 14 19 23 Dez
04 06 08 14 16 23 24 Jan
04 06 08 16 27 28 31 Fev
04 06 07 08 24 27 31 Mar
04 06 07 09 11 24 28 Abr
04 06 07 14 15 22 31 Mai
04 06 07 15 17 20 21 Jun
04 06 07 15 24 27 31 Jul
04 06 07 16 22 23 29 Ago
04 06 07 17 21 26 31 Set
04 06 11 12 19 22 30 Out
04 06 11 14 21 25 27 Nov
04 06 11 15 19 21 22 Dez
04 06 11 15 19 22 30 Jan
04 06 11 17 24 27 28 Fev
04 06 12 19 24 25 29 Mar
04 06 12 20 27 30 31 Abr
04 06 13 17 23 26 29 Mai
04 06 13 18 21 22 27 Jun
04 06 16 18 19 27 30 Jul
04 06 16 20 26 27 29 Ago
04 06 17 18 20 25 26 Set
04 06 17 19 27 30 31 Out
04 06 19 22 23 24 26 Nov
04 07 11 13 15 18 25 Dez
04 07 10 12 14 27 30 Jan
04 07 10 14 25 29 30 Fev
04 07 10 19 22 26 28 Mar
04 07 09 12 23 25 30 Abr
04 07 09 18 20 26 29 Mai
04 07 08 10 17 20 26 Jun
04 07 08 14 21 27 31 Jul
04 07 13 15 17 18 19 Ago
04 07 13 15 18 19 25 Set
04 07 13 15 18 20 23 Out
04 07 14 17 19 21 29 Nov
04 07 14 17 21 27 29 Dez
04 07 14 18 20 25 26 Jan
04 07 17 18 20 27 28 Fev
04 07 17 18 27 28 31 Mar
04 07 18 20 25 26 29 Abr
04 07 16 17 20 27 28 Mai
04 08 12 14 15 22 29 Jun
04 08 12 17 19 26 31 Jul
04 08 12 17 24 27 29 Ago
04 08 12 20 26 27 31 Set
04 08 11 13 23 26 28 Out
04 08 11 14 22 24 31 Nov
04 08 11 18 20 23 24 Dez
04 08 10 11 14 18 26 Jan
04 08 10 12 20 21 26 Fev
04 08 10 13 20 21 28 Mar
04 08 10 14 20 27 29 Abr
04 08 14 15 16 24 27 Mai
04 08 14 20 21 23 27 Jun
04 08 09 10 20 25 28 Jul
04 08 09 11 13 15 22 Ago
04 08 09 11 18 19 26 Set
04 08 09 12 13 25 30 Out
04 08 09 13 20 23 30 Nov
04 08 09 14 16 19 24 Dez
04 08 09 14 17 18 25 Jan
04 08 09 17 20 27 30 Fev
04 08 09 19 22 25 31 Mar
04 08 18 21 24 26 30 Abr
04 08 19 20 21 24 29 Mai
04 09 13 15 21 23 25 Jun
04 09 12 13 15 26 27 Jul
04 09 12 14 16 22 27 Ago
04 09 12 15 17 29 31 Set
04 09 12 19 20 26 28 Out
04 09 12 19 25 28 31 Nov
04 09 11 12 14 18 23 Dez
04 09 11 22 25 28 29 Jan
04 09 11 25 26 29 30 Fev
04 09 14 18 23 26 28 Mar
04 09 10 11 13 19 21 Abr
04 09 10 12 13 19 21 Mai
04 09 10 12 19 22 26 Jun
04 09 10 18 19 26 31 Jul
04 09 10 19 20 24 29 Ago
04 09 10 19 22 26 28 Set
04 09 10 28 29 30 31 Out
04 09 17 18 23 27 28 Nov
04 09 17 21 23 24 29 Dez
04 09 27 28 29 30 31 Jan
04 10 14 17 19 20 26 Fev
04 10 14 18 21 22 23 Mar
04 10 12 13 14 24 26 Abr
04 10 12 15 16 17 30 Mai
04 10 17 18 21 27 31 Jun
04 10 17 19 21 22 30 Jul
04 10 11 12 13 15 25 Ago
04 10 11 14 15 20 31 Set
04 10 11 14 19 28 30 Out
04 10 11 14 28 30 31 Nov
04 10 11 16 22 24 29 Dez
04 10 11 19 20 25 26 Jan
04 11 15 18 23 26 31 Fev
04 11 14 15 18 28 31 Mar
04 11 14 17 18 19 31 Abr
04 11 13 17 22 30 31 Mai
04 11 16 17 20 23 31 Jun
04 11 18 21 23 25 27 Jul
04 11 18 21 24 25 27 Ago
04 11 12 16 19 21 23 Set
04 11 12 20 24 28 29 Out
04 12 15 16 17 22 25 Nov
04 12 15 16 22 24 25 Dez
04 12 15 16 22 25 27 Jan
04 12 15 17 22 24 25 Fev
04 12 17 20 21 24 29 Mar
04 12 14 15 23 24 25 Abr
04 12 14 19 23 28 29 Mai
04 12 13 16 19 22 31 Jun
04 13 16 18 19 24 25 Jul
04 13 16 18 22 27 28 Ago
04 13 14 22 26 29 30 Set
04 14 20 27 28 29 30 Out
04 15 17 19 23 27 30 Nov
04 16 19 24 26 27 29 Dez
04 18 19 21 24 27 31 Jan
04 20 21 22 23 26 28 Fev
04 23 24 25 26 27 31 Mar
05 06 09 10 14 20 23 Abr
05 06 09 10 14 21 23 Mai
05 06 09 10 18 28 31 Jun
05 06 09 11 17 19 23 Jul
05 06 09 17 19 20 23 Ago
05 06 09 21 22 25 29 Set
05 06 08 09 12 18 31 Out
05 06 08 09 12 23 31 Nov
05 06 08 10 16 18 29 Dez
05 06 08 17 18 20 27 Jan
05 06 08 18 23 24 29 Fev
05 06 08 18 24 27 29 Mar
05 06 08 24 27 28 29 Abr
05 06 07 08 09 12 18 Mai
05 06 07 08 11 14 26 Jun
05 06 07 11 21 26 29 Jul
05 06 11 13 17 19 23 Ago
05 06 11 16 17 21 27 Set
05 06 11 17 21 26 27 Out
05 06 12 15 17 20 23 Nov
05 06 12 24 29 30 31 Dez
05 06 17 19 24 25 30 Jan
05 06 16 17 21 27 31 Fev
05 06 15 16 17 20 23 Mar
05 06 15 17 22 23 26 Abr
05 06 14 15 27 28 30 Mai
05 07 11 12 13 14 18 Jun
05 07 11 19 24 29 31 Jul
05 07 10 11 13 17 23 Ago
05 07 09 10 22 25 29 Set
05 07 09 12 13 22 23 Out
05 07 09 13 18 21 30 Nov
05 07 09 14 24 26 31 Dez
05 07 09 16 18 20 27 Jan
05 07 08 09 15 26 29 Fev
05 07 08 12 13 22 31 Mar
05 07 08 13 22 26 30 Abr
05 07 08 14 15 22 28 Mai
05 07 08 15 21 23 26 Jun
05 07 08 18 20 23 28 Jul
05 07 08 19 21 23 25 Ago
05 07 13 15 16 20 22 Set
05 07 14 15 18 20 24 Out
05 07 14 17 19 23 29 Nov
05 07 17 21 27 30 31 Dez
05 07 16 17 20 24 30 Jan
05 07 16 17 21 24 27 Fev
05 07 16 17 21 27 31 Mar
05 08 12 18 24 27 29 Abr
05 08 11 19 25 30 31 Mai
05 08 10 11 16 29 30 Jun
05 08 10 12 18 24 29 Jul
05 08 10 12 18 24 31 Ago
05 08 10 12 18 29 30 Set
05 08 10 13 19 25 28 Out
05 08 10 14 21 24 31 Nov
05 08 10 16 18 29 30 Dez
05 08 10 16 20 24 31 Jan
05 08 10 16 22 26 30 Fev
05 08 10 17 19 27 29 Mar
05 08 10 20 23 25 28 Abr
05 08 13 21 22 24 26 Mai
05 08 13 26 27 30 31 Jun
05 08 09 11 26 28 31 Jul
05 08 09 12 14 17 22 Ago
05 08 09 14 25 28 30 Set
05 08 09 18 23 26 31 Out
05 08 15 16 17 24 29 Nov
05 08 16 18 23 27 28 Dez
05 08 17 20 25 26 28 Jan
05 08 22 24 25 26 29 Fev
05 09 13 14 21 29 30 Mar
05 09 12 15 24 27 28 Abr
05 09 11 17 21 26 27 Mai
05 09 14 22 23 26 29 Jun
05 09 10 11 17 21 26 Jul
05 09 10 14 20 23 27 Ago
05 09 16 19 22 23 30 Set
05 09 18 20 21 30 31 Out
05 09 17 19 20 26 30 Nov
05 10 14 18 19 24 26 Dez
05 10 14 18 24 26 29 Jan
05 10 13 16 18 20 22 Fev
05 10 12 13 14 26 27 Mar
05 10 16 22 26 27 28 Abr
05 10 11 12 14 17 24 Mai
05 10 11 12 18 23 29 Jun
05 10 11 15 22 29 31 Jul
05 10 11 16 18 24 25 Ago
05 10 11 17 21 26 27 Set
05 10 11 18 27 28 30 Out
05 10 11 20 22 29 31 Nov
05 10 21 25 26 29 31 Dez
05 10 20 22 23 30 31 Jan
05 11 14 15 19 26 27 Fev
05 11 14 17 18 26 30 Mar
05 11 14 18 20 27 31 Abr
05 11 13 15 19 20 22 Mai
05 11 16 18 19 23 25 Jun
05 11 12 15 18 22 26 Jul
05 12 16 18 22 24 29 Ago
05 12 15 18 24 26 30 Set
05 12 17 19 21 24 28 Out
05 12 13 18 21 23 29 Nov
05 12 13 18 21 28 29 Dez
05 13 16 17 26 28 29 Jan
05 13 15 16 18 25 30 Fev
05 13 15 23 27 29 30 Mar
05 13 20 21 23 25 30 Abr
05 13 14 20 21 29 30 Mai
05 14 17 20 22 26 27 Jun
05 14 18 20 24 27 31 Jul
05 15 17 22 26 28 31 Ago
05 15 22 23 28 29 31 Set
05 15 16 26 29 30 31 Out
05 16 23 25 27 28 29 Nov
05 18 20 24 26 27 31 Dez
05 21 22 23 24 26 31 Jan
06 07 11 12 13 20 26 Fev
06 07 11 12 14 19 21 Mar
06 07 11 12 19 21 23 Abr
06 07 11 12 19 23 30 Mai
06 07 11 15 22 25 31 Jun
06 07 11 19 22 23 25 Jul
06 07 11 19 22 25 31 Ago
06 07 11 19 24 25 27 Set
06 07 11 19 25 27 28 Out
06 07 11 19 25 27 31 Nov
06 07 11 19 25 28 31 Dez
06 07 10 11 13 28 29 Jan
06 07 10 12 23 25 31 Fev
06 07 10 13 22 24 29 Mar
06 07 09 10 13 14 21 Abr
06 07 09 10 14 21 23 Mai
06 07 09 15 24 27 31 Jun
06 07 12 18 20 24 28 Jul
06 07 12 23 26 28 31 Ago
06 07 08 09 13 16 19 Set
06 07 08 11 12 14 27 Out
06 07 08 15 16 17 31 Nov
06 07 08 15 24 27 31 Dez
06 07 08 25 26 30 31 Jan
06 07 13 15 18 19 29 Fev
06 07 14 15 20 21 27 Mar
06 07 14 17 18 28 31 Abr
06 07 14 20 21 23 27 Mai
06 07 14 20 21 27 30 Jun
06 07 15 19 24 27 31 Jul
06 07 15 20 22 26 30 Ago
06 07 15 21 24 27 31 Set
06 07 15 24 27 28 31 Out
06 07 15 24 27 29 31 Nov
06 07 16 19 25 28 30 Dez
06 07 20 21 22 23 27 Jan
06 07 20 21 23 27 30 Fev
06 07 19 24 25 27 31 Mar
06 07 19 24 27 28 31 Abr
06 07 19 25 27 28 31 Mai
06 08 10 11 15 21 28 Jun
06 08 10 11 18 20 22 Jul
06 08 10 11 18 26 30 Ago
06 08 10 15 17 26 28 Set
06 08 10 17 23 29 31 Out
06 08 13 19 22 24 26 Nov
06 08 14 17 20 29 31 Dez
06 08 14 19 23 26 30 Jan
06 08 09 11 13 15 30 Fev
06 08 09 12 14 17 19 Mar
06 08 09 12 14 27 31 Abr
06 08 09 14 15 18 25 Mai
06 08 15 23 26 27 31 Jun
06 08 16 27 28 29 31 Jul
06 08 17 18 22 24 27 Ago
06 08 17 18 24 26 30 Set
06 08 17 19 20 21 29 Out
06 08 19 20 21 23 24 Nov
06 08 19 20 21 23 29 Dez
06 08 19 20 21 24 29 Jan
06 08 19 20 22 23 29 Fev
06 08 20 21 24 28 29 Mar
06 09 11 14 19 22 25 Abr
06 09 15 18 19 20 21 Mai
06 09 15 18 20 24 30 Jun
06 09 14 15 26 27 30 Jul
06 09 14 20 21 22 25 Ago
06 09 10 12 17 27 30 Set
06 09 10 13 14 16 22 Out
06 09 10 13 16 17 22 Nov
06 09 10 13 21 26 29 Dez
06 09 10 14 16 17 22 Jan
06 09 10 14 16 20 22 Fev
06 09 10 14 16 22 23 Mar
06 09 10 14 16 22 26 Abr
06 09 10 14 20 22 23 Mai
06 09 10 17 22 25 31 Jun
06 09 10 18 21 24 26 Jul
06 09 16 18 28 29 30 Ago
06 09 17 18 20 24 31 Set
06 10 13 15 16 21 29 Out
06 10 13 18 19 20 30 Nov
06 10 12 13 15 16 29 Dez
06 10 12 13 16 20 23 Jan
06 10 12 25 26 27 29 Fev
06 10 15 16 21 25 29 Mar
06 10 15 17 20 27 30 Abr
06 10 15 20 25 28 30 Mai
06 10 11 12 14 17 24 Jun
06 10 11 12 14 18 24 Jul
06 10 11 13 19 21 29 Ago
06 10 11 14 20 24 25 Set
06 10 11 20 21 24 30 Out
06 11 14 15 17 19 21 Nov
06 11 14 16 17 29 31 Dez
06 11 14 16 18 28 30 Jan
06 11 14 18 19 22 29 Fev
06 11 16 18 19 21 23 Mar
06 11 12 16 26 28 31 Abr
06 11 18 21 23 29 30 Mai
06 12 16 20 21 28 29 Jun
06 12 15 16 17 20 23 Jul
06 12 15 17 20 23 28 Ago
06 12 15 17 20 23 29 Set
06 12 15 18 23 27 29 Out
06 12 15 20 25 28 30 Nov
06 12 15 21 25 28 30 Dez
06 12 15 26 27 28 31 Jan
06 12 17 19 21 23 31 Fev
06 12 17 21 26 29 31 Mar
06 12 14 16 18 27 31 Abr
06 12 13 15 16 21 29 Mai
06 12 13 15 16 28 29 Jun
06 12 13 17 18 28 31 Jul
06 12 13 19 28 30 31 Ago
06 12 13 27 29 30 31 Set
06 13 16 19 20 21 31 Out
06 13 19 20 26 27 28 Nov
06 13 19 21 23 27 28 Dez
06 13 19 23 26 27 28 Jan
06 13 22 24 26 29 30 Fev
06 13 14 21 23 27 29 Mar
06 13 14 23 25 28 30 Abr
06 15 17 22 23 26 27 Mai
06 15 17 22 23 26 29 Jun
06 15 16 17 18 27 31 Jul
06 16 18 20 25 29 31 Ago
07 08 12 15 16 18 30 Set
07 08 12 22 26 27 31 Out
07 08 11 12 22 26 27 Nov
07 08 11 13 16 20 31 Dez
07 08 11 14 27 30 31 Jan
07 08 11 15 21 25 29 Fev
07 08 11 18 19 27 31 Mar
07 08 10 11 22 24 26 Abr
07 08 10 12 14 27 30 Mai
07 08 10 19 24 25 28 Jun
07 08 14 15 16 17 23 Jul
07 08 14 15 22 26 30 Ago
07 08 14 21 23 26 30 Set
07 08 09 10 12 14 30 Out
07 08 09 11 17 23 28 Nov
07 08 09 17 19 28 29 Dez
07 08 09 23 26 29 31 Jan
07 08 09 23 26 30 31 Fev
07 08 13 16 18 21 22 Mar
07 08 13 17 26 27 28 Abr
07 08 15 16 20 26 27 Mai
07 08 18 19 23 24 27 Jun
07 08 17 19 20 22 26 Jul
07 08 19 20 21 24 26 Ago
07 08 23 26 29 30 31 Set
07 08 16 22 23 25 31 Out
07 08 16 24 28 30 31 Nov
07 09 13 15 20 24 25 Dez
07 09 13 19 25 29 30 Jan
07 09 12 15 23 25 30 Fev
07 09 11 13 15 16 26 Mar
07 09 11 16 18 19 21 Abr
07 09 11 17 19 24 30 Mai
07 09 11 18 21 22 29 Jun
07 09 11 19 21 24 30 Jul
07 09 15 19 25 27 30 Ago
07 09 15 23 26 30 31 Set
07 09 10 12 14 27 30 Out
07 09 10 13 18 21 25 Nov
07 09 10 13 20 22 25 Dez
07 09 10 14 21 23 28 Jan
07 09 10 15 18 21 22 Fev
07 09 10 21 24 25 28 Mar
07 09 17 19 23 24 30 Abr
07 09 17 21 29 30 31 Mai
07 09 23 26 29 30 31 Jun
07 09 20 23 25 27 31 Jul
07 10 13 15 19 23 26 Ago
07 10 12 13 17 21 22 Set
07 10 12 14 24 27 28 Out
07 10 12 14 24 27 30 Nov
07 10 12 14 27 28 30 Dez
07 10 12 15 19 20 25 Jan
07 10 15 16 18 19 24 Fev
07 10 16 18 24 25 27 Mar
07 10 11 15 21 25 31 Abr
07 10 11 17 20 24 28 Mai
07 10 11 17 23 24 29 Jun
07 10 18 19 20 23 27 Jul
07 11 14 17 18 21 22 Ago
07 11 13 18 23 28 30 Set
07 11 16 21 23 28 30 Out
07 11 17 19 24 26 30 Nov
07 11 17 19 25 27 28 Dez
07 11 17 19 25 28 31 Jan
07 11 12 19 20 21 23 Fev
07 11 18 21 24 28 29 Mar
07 12 16 17 18 22 23 Abr
07 12 14 15 21 25 29 Mai
07 12 14 16 23 26 27 Jun
07 12 14 17 21 27 29 Jul
07 12 14 20 22 24 26 Ago
07 12 14 20 22 24 30 Set
07 12 14 22 24 25 26 Out
07 12 14 22 24 26 30 Nov
07 12 14 22 24 26 31 Dez
07 12 14 22 24 30 31 Jan
07 12 18 20 21 28 31 Fev
07 12 17 19 21 22 24 Mar
07 12 20 22 24 26 30 Abr
07 12 20 22 24 27 30 Mai
07 12 23 25 27 30 31 Jun
07 12 22 24 25 26 30 Jul
07 12 13 14 20 22 26 Ago
07 12 13 14 22 24 26 Set
07 12 13 15 19 25 31 Out
07 12 13 15 24 26 30 Nov
07 13 16 17 20 28 30 Dez
07 13 16 19 20 27 31 Jan
07 13 21 22 26 29 31 Fev
07 13 14 15 21 22 30 Mar
07 14 17 19 21 27 29 Abr
07 14 17 21 26 27 29 Mai
07 14 17 21 27 29 30 Jun
07 14 20 21 23 27 30 Jul
07 14 20 23 27 28 29 Ago
07 14 16 17 18 23 24 Set
07 14 16 17 21 27 29 Out
07 14 16 17 27 29 30 Nov
07 14 15 20 21 27 30 Dez
07 15 17 20 21 24 29 Jan
07 15 16 18 20 22 31 Fev
07 16 20 22 28 29 31 Mar
07 16 20 23 24 25 26 Abr
07 17 18 20 21 28 31 Mai
07 18 20 21 25 26 29 Jun
07 18 20 21 27 28 31 Jul
07 18 20 21 28 30 31 Ago
07 20 21 27 28 30 31 Set
08 09 12 13 16 19 24 Out
08 09 11 12 14 20 21 Nov
08 09 11 12 23 25 28 Dez
08 09 14 19 24 26 30 Jan
08 09 10 11 14 18 23 Fev
08 09 10 12 15 27 28 Mar
08 09 10 13 19 27 31 Abr
08 09 18 19 25 26 27 Mai
08 10 13 16 24 27 29 Jun
08 10 13 17 23 25 27 Jul
08 10 12 13 14 17 18 Ago
08 10 12 14 15 16 31 Set
08 10 15 16 23 28 29 Out
08 10 11 13 14 24 29 Nov
08 10 11 21 25 28 29 Dez
08 10 11 26 27 29 31 Jan
08 11 15 16 20 25 30 Fev
08 11 14 16 18 21 23 Mar
08 11 14 20 22 25 27 Abr
08 11 13 16 26 28 29 Mai
08 11 13 19 22 24 28 Jun
08 11 21 24 25 28 29 Jul
08 11 12 14 20 21 28 Ago
08 12 15 27 28 29 30 Set
08 12 14 17 19 26 27 Out
08 12 18 19 28 29 31 Nov
08 12 21 23 24 26 28 Dez
08 12 19 21 23 25 28 Jan
08 12 13 21 22 28 29 Fev
08 13 20 21 25 26 31 Mar
08 14 17 18 21 22 27 Abr
08 14 17 19 21 24 30 Mai
08 14 19 23 24 26 30 Jun
08 14 16 21 25 30 31 Jul
08 14 23 24 26 28 30 Ago
08 15 20 21 22 25 26 Set
08 15 17 18 26 29 30 Out
08 15 17 19 23 27 31 Nov
08 20 21 22 27 29 31 Dez
09 10 14 15 22 27 28 Jan
09 10 14 16 18 19 24 Fev
09 10 13 14 16 17 22 Mar
09 10 13 16 20 23 30 Abr
09 10 15 16 17 23 31 Mai
09 10 16 17 19 20 24 Jun
09 10 16 21 26 27 31 Jul
09 10 17 19 25 27 28 Ago
09 10 17 20 21 22 26 Set
09 10 11 12 18 19 25 Out
09 10 11 17 20 21 26 Nov
09 10 11 17 21 22 26 Dez
09 10 11 17 21 23 26 Jan
09 10 19 22 24 28 31 Fev
09 10 19 22 26 27 28 Mar
09 10 20 23 27 29 31 Abr
09 11 14 18 24 26 29 Mai
09 11 14 18 24 27 29 Jun
09 11 14 19 21 26 31 Jul
09 11 13 14 19 20 22 Ago
09 11 13 15 18 20 24 Set
09 11 16 18 23 27 28 Out
09 11 16 19 22 28 30 Nov
09 11 16 22 24 28 30 Dez
09 11 17 18 22 25 30 Jan
09 11 12 17 20 23 24 Fev
09 11 12 18 23 25 30 Mar
09 11 21 24 26 30 31 Abr
09 12 16 19 24 28 29 Mai
09 12 13 14 15 17 21 Jun
09 12 13 14 21 24 29 Jul
09 12 13 17 18 29 30 Ago
09 13 16 17 22 24 27 Set
09 13 16 18 23 26 31 Out
09 13 16 22 23 27 31 Nov
09 13 15 17 21 27 29 Dez
09 13 15 21 25 27 30 Jan
09 13 18 19 21 22 25 Fev
09 13 14 15 16 20 31 Mar
09 13 14 21 22 29 30 Abr
09 15 18 19 22 24 30 Mai
09 16 20 22 24 28 30 Jun
09 16 17 23 26 28 31 Jul
09 18 20 21 23 24 29 Ago
09 18 20 25 26 30 31 Set
09 18 19 21 23 27 30 Out
10 11 15 23 29 30 31 Nov
10 11 14 15 22 28 29 Dez
10 11 14 19 28 30 31 Jan
10 11 13 19 25 27 30 Fev
10 11 13 20 22 25 26 Mar
10 11 16 17 18 21 31 Abr
10 11 16 20 21 23 28 Mai
10 11 12 13 15 20 26 Jun
10 11 12 16 17 20 26 Jul
10 11 12 16 21 22 24 Ago
10 11 21 22 27 29 30 Set
10 12 15 16 17 19 30 Out
10 12 15 17 19 28 30 Nov
10 12 14 16 18 22 24 Dez
10 12 14 16 18 24 30 Jan
10 12 14 16 18 30 31 Fev
10 12 14 17 19 20 30 Mar
10 12 13 17 19 25 26 Abr
10 12 13 17 21 23 27 Mai
10 13 17 20 22 26 28 Jun
10 13 20 21 23 24 30 Jul
10 13 14 15 20 23 29 Ago
10 13 14 17 18 20 31 Set
10 14 17 20 25 27 29 Out
10 14 16 18 24 30 31 Nov
10 14 16 24 28 30 31 Dez
10 14 15 16 18 19 24 Jan
10 14 15 16 18 24 30 Fev
10 14 15 18 23 27 29 Mar
10 15 19 24 26 27 29 Abr
10 15 17 18 21 22 23 Mai
10 15 16 17 19 21 30 Jun
10 15 16 17 24 25 31 Jul
10 15 16 21 25 26 29 Ago
10 16 18 20 22 25 30 Set
11 12 15 21 22 30 31 Out
11 12 21 24 25 28 29 Nov
11 12 13 17 20 23 29 Dez
11 12 13 24 25 29 30 Jan
11 13 17 20 21 23 25 Fev
11 13 16 17 18 20 31 Mar
11 13 16 21 23 24 27 Abr
11 13 15 18 20 21 22 Mai
11 13 18 21 23 25 27 Jun
11 13 18 21 24 25 26 Jul
11 13 18 21 24 25 27 Ago
11 13 20 21 23 24 27 Set
11 13 20 21 23 25 27 Out
11 13 14 16 22 25 27 Nov
11 14 17 20 23 25 27 Dez
11 14 16 21 23 24 27 Jan
11 14 22 23 24 26 29 Fev
11 14 15 20 22 25 26 Mar
11 18 22 27 28 29 30 Abr
12 13 16 25 28 30 31 Mai
12 13 14 15 16 23 31 Jun
12 14 17 19 27 29 30 Jul
12 15 20 21 22 24 27 Ago
12 15 20 25 28 30 31 Set
12 16 17 18 19 25 27 Out
12 16 17 20 21 22 29 Nov
12 20 21 22 24 26 28 Dez
13 15 19 23 26 27 28 Jan
13 15 22 23 25 30 31 Fev
13 16 20 21 25 27 28 Mar
13 16 21 23 24 27 28 Abr
13 17 18 19 22 27 29 Mai
13 19 23 24 26 27 30 Jun
13 23 24 25 28 29 31 Jul
14 15 17 18 19 24 28 Ago
14 15 17 21 24 25 31 Set
14 15 16 17 22 24 29 Out
14 16 21 22 26 29 31 Nov
14 16 21 23 24 29 31 Dez
14 16 17 18 22 23 31 Jan
14 20 23 24 26 27 31 Fev
15 16 19 20 26 29 30 Mar
15 16 18 19 21 23 27 Abr
15 18 25 27 29 30 31 Mai
16 17 21 23 27 29 30 Jun
16 18 19 21 26 29 31 Jul
16 19 21 22 26 29 31 Ago
16 19 20 21 22 26 31 Set
17 19 23 25 26 29 31 Out
17 19 20 21 23 27 30 Nov
17 19 20 24 27 28 31 Dez
18 20 23 24 25 26 31 Jan
18 20 23 24 26 27 31 Fev
18 20 21 22 25 27 31 Mar
20 23 24 25 26 27 31 Abr
20 22 23 24 28 30 31 Mai
