01 02 05 08 11 31
01 02 04 07 09 33
01 02 03 12 18 25
01 02 16 28 33 42
01 02 16 32 37 39
01 02 22 24 25 33
01 02 19 26 30 49
01 02 27 36 39 46
01 03 07 15 23 44
01 03 07 18 24 43
01 03 06 13 21 32
01 03 04 07 27 32
01 04 05 16 36 41
01 04 05 16 38 50
01 04 05 16 41 50
01 04 11 24 40 46
01 04 10 26 32 34
01 04 15 16 41 50
01 04 14 18 40 46
01 05 09 22 25 28
01 06 13 20 29 39
01 06 12 18 22 42
01 06 14 15 20 40
01 08 10 12 22 30
01 08 10 20 28 39
01 08 10 37 40 45
01 08 15 30 37 47
01 09 12 29 32 36
01 09 17 30 31 44
01 09 21 22 27 40
01 09 23 30 47 50
01 09 22 31 32 45
01 10 13 14 28 31
01 10 13 23 24 40
01 11 18 29 38 50
01 12 21 22 36 37
01 13 17 24 44 47
01 13 21 25 35 39
01 13 24 32 33 44
01 14 27 28 44 46
01 15 27 31 37 41
01 16 17 26 34 50
01 18 21 24 37 44
01 18 21 38 41 50
01 18 27 33 48 50
01 19 22 32 39 45
01 20 28 37 40 43
01 22 25 30 36 42
01 25 27 30 36 38
01 27 33 41 44 48
02 03 06 12 44 49
02 03 09 11 22 45
02 03 11 16 17 46
02 04 07 10 11 29
02 04 11 29 32 40
02 06 09 21 23 41
02 06 11 16 17 46
02 06 11 17 36 46
02 06 17 19 30 34
02 07 29 40 41 50
02 08 09 15 28 32
02 09 12 24 44 45
02 09 10 12 18 48
02 09 10 28 35 36
02 09 14 25 33 44
02 09 20 35 37 46
02 09 41 43 44 46
02 10 19 36 40 48
02 10 23 27 30 31
02 11 16 17 29 46
02 11 16 17 36 46
02 12 15 18 26 29
02 12 24 26 28 29
02 12 22 30 33 48
02 13 16 23 45 48
02 13 30 32 33 41
02 14 15 28 32 33
02 14 22 36 40 50
02 16 23 33 35 44
02 17 20 28 46 50
02 20 21 30 40 44
02 21 25 37 44 46
02 21 30 36 42 44
02 24 26 29 35 43
02 24 31 39 46 47
02 25 31 37 44 49
03 04 11 14 16 29
03 05 06 10 16 25
03 05 18 19 29 43
03 05 18 20 39 43
03 06 08 11 14 33
03 06 08 36 49 50
03 06 07 17 23 31
03 06 22 23 38 49
03 06 25 28 31 48
03 07 18 19 22 41
03 07 37 38 41 48
03 08 13 19 31 50
03 08 16 34 41 46
03 08 25 27 41 43
03 09 19 21 36 49
03 11 13 23 33 47
03 11 20 36 47 50
03 12 16 21 23 35
03 15 16 21 25 47
03 15 22 35 45 47
03 15 23 24 26 50
03 16 17 21 23 37
03 17 25 46 48 50
03 18 21 26 28 31
03 18 27 29 34 43
03 19 21 25 27 42
03 19 25 33 34 37
03 24 26 31 35 40
03 25 34 38 45 46
03 35 37 39 41 50
04 05 06 30 38 45
04 05 11 25 27 38
04 05 11 27 34 50
04 05 15 25 28 35
04 05 21 25 26 48
04 06 10 42 47 48
04 06 15 38 49 50
04 07 10 11 20 26
04 07 12 25 28 46
04 07 17 27 36 41
04 07 28 29 31 47
04 08 10 11 22 25
04 08 27 38 42 46
04 10 11 19 26 31
04 10 16 34 40 47
04 11 15 18 26 28
04 11 14 32 35 40
04 12 18 23 39 44
04 13 15 31 39 45
04 13 21 30 36 48
04 13 25 33 41 49
04 14 23 38 45 47
04 14 30 35 41 50
04 15 18 31 32 50
04 15 16 29 38 40
04 15 26 36 39 41
04 15 24 29 38 41
04 16 20 25 44 47
04 17 19 22 25 36
04 17 33 38 39 47
04 18 36 38 45 49
04 20 29 31 36 46
04 21 29 33 39 42
04 25 29 35 44 47
04 26 27 29 34 35
05 06 11 26 31 47
05 07 11 12 20 29
05 07 10 22 28 39
05 07 14 27 29 39
05 07 18 19 32 48
05 07 22 32 36 45
05 08 10 22 25 39
05 08 10 30 37 38
05 08 09 17 19 35
05 08 20 23 33 40
05 08 20 33 45 49
05 08 23 29 34 42
05 09 20 37 44 47
05 10 16 28 45 49
05 11 12 30 41 49
05 12 26 31 34 50
05 13 15 22 34 41
05 15 16 39 44 48
05 15 25 26 30 44
05 15 33 34 39 44
05 15 33 40 42 50
05 16 18 40 42 44
05 16 27 29 31 38
05 16 27 46 48 50
05 16 25 30 40 50
05 17 22 30 34 36
05 19 24 28 30 37
05 21 22 29 36 39
05 22 24 30 36 39
05 22 28 46 47 48
05 24 32 35 46 50
05 24 36 37 41 49
05 26 28 35 47 48
06 07 10 30 40 47
06 07 08 11 19 38
06 07 14 20 40 44
06 07 25 35 41 48
06 08 16 32 41 47
06 08 19 32 34 41
06 09 20 40 41 43
06 10 21 31 36 38
06 10 35 38 39 46
06 11 12 14 15 18
06 11 24 28 39 48
06 12 13 14 35 40
06 12 30 35 36 47
06 14 15 23 25 45
06 14 21 24 44 49
06 16 21 24 26 45
06 17 29 40 48 50
06 17 27 31 40 41
06 19 33 34 39 47
06 20 24 26 31 50
06 23 25 33 34 47
06 26 36 41 44 45
06 29 37 41 42 47
07 08 10 23 38 42
07 08 16 25 26 48
07 08 24 28 30 46
07 09 11 15 17 42
07 09 11 41 48 50
07 10 11 27 41 47
07 10 29 34 39 40
07 10 35 42 43 47
07 12 14 17 21 41
07 12 13 24 32 42
07 14 15 16 18 23
07 18 25 27 33 40
07 18 25 30 42 45
07 20 22 25 43 45
07 20 21 24 26 50
08 09 15 20 24 40
08 11 13 21 38 39
08 11 12 15 37 38
08 13 17 22 45 47
08 16 20 25 45 46
08 16 23 38 42 49
08 16 26 40 44 50
08 18 36 44 46 48
08 19 24 27 35 36
08 23 28 40 49 50
09 10 13 20 34 50
09 10 18 19 20 38
09 10 19 39 43 44
09 11 15 23 31 43
09 11 22 33 34 49
09 12 17 29 30 45
09 12 35 44 47 48
09 13 18 20 40 48
09 14 18 38 40 47
09 14 29 33 36 41
09 15 25 28 32 34
09 16 21 22 34 48
09 18 23 30 38 43
09 19 20 21 25 27
09 21 26 38 40 50
09 21 30 36 37 47
09 22 39 40 41 45
10 11 14 21 22 50
10 11 13 17 18 37
10 11 12 18 36 48
10 11 12 27 32 45
10 11 26 33 43 47
10 11 24 35 42 47
10 12 15 16 29 41
10 12 17 21 41 50
10 13 15 16 30 48
10 14 15 35 40 50
10 14 21 31 39 42
10 15 16 26 33 40
10 15 23 29 38 42
10 18 20 39 42 49
10 19 20 42 43 44
10 21 24 30 46 49
10 26 27 34 41 49
10 36 38 39 46 49
11 12 13 25 39 49
11 12 23 32 40 43
11 12 21 22 23 38
11 13 19 32 38 50
11 14 24 37 45 48
11 17 30 42 44 50
11 18 26 29 30 37
11 21 32 36 37 42
11 30 35 42 45 50
12 13 15 22 23 49
12 13 18 21 27 34
12 13 23 38 39 45
12 13 42 46 48 49
12 14 17 34 46 50
12 15 16 37 38 50
12 15 21 36 37 41
12 15 26 31 39 43
12 15 29 30 46 50
12 16 18 19 35 40
12 16 23 29 37 38
12 16 28 35 39 46
12 18 39 40 48 49
12 20 21 34 44 45
12 21 24 26 35 49
12 22 30 33 43 44
12 23 30 36 45 46
12 38 40 43 44 48
13 14 16 23 40 41
13 14 19 21 26 41
13 14 24 34 35 39
13 16 35 41 42 47
13 18 21 33 42 49
13 22 40 43 46 50
13 32 33 35 42 47
14 15 19 22 30 31
14 15 29 32 41 50
14 17 18 34 46 50
14 17 22 24 30 38
14 17 27 33 42 50
14 19 25 39 42 43
14 20 24 25 35 39
14 21 29 36 40 41
14 25 36 37 38 41
14 31 39 44 45 46
15 16 33 34 40 42
15 18 20 21 22 37
15 18 20 23 27 31
15 18 19 24 33 38
15 18 23 35 47 50
15 19 20 30 35 45
15 27 32 40 41 42
15 31 33 35 36 44
15 31 39 42 44 45
16 18 22 33 40 44
16 20 29 34 35 42
16 21 24 30 33 41
16 26 32 33 49 50
16 27 33 37 40 42
17 21 25 28 31 41
17 24 42 45 49 50
17 25 36 40 46 50
18 21 31 32 34 36
18 22 25 29 37 49
18 30 37 40 43 44
19 20 23 24 26 35
19 20 26 34 35 44
19 20 25 27 38 41
19 21 24 35 38 41
19 28 31 37 38 40
19 29 32 38 42 50
19 39 40 42 45 47
20 35 36 38 41 44
21 22 26 37 39 40
21 22 25 31 41 48
21 22 24 29 36 37
21 22 30 32 44 50
21 22 37 42 46 50
21 25 30 33 41 47
21 27 32 38 41 48
22 24 28 32 43 46
22 27 31 32 41 47
22 27 32 33 35 41
22 28 29 31 39 40
22 29 31 32 36 45
23 25 37 41 43 50
23 27 28 35 40 46
24 27 35 42 44 46
24 29 31 36 49 50
24 31 35 40 41 42
24 33 38 41 42 43
25 32 39 42 46 50
25 44 45 46 48 50
28 29 31 41 46 48
31 41 43 45 47 50
35 36 40 43 47 50
