00 01 07 06 07 06 09
00 04 05 01 09 05 03
00 06 02 00 07 08 04
01 02 01 08 04 05 08
01 08 03 05 04 06 03
01 08 08 08 09 06 07
02 01 01 06 08 06 07
02 00 08 07 07 00 07
02 05 05 04 04 03 05
02 08 09 03 05 03 00
02 09 00 09 06 04 02
03 00 08 08 04 03 06
04 06 00 09 09 09 04
04 05 06 05 02 00 08
04 08 03 06 09 00 03
05 08 07 08 00 04 08
05 09 03 09 07 02 06
06 01 02 02 00 01 03
06 05 04 04 08 04 05
06 07 05 06 01 04 04
06 09 03 08 07 03 07
07 09 08 02 03 00 08
07 09 08 06 01 01 06
08 04 08 09 05 00 08
08 05 02 01 03 04 04
08 06 04 02 07 05 09
09 05 02 01 05 09 00
