33 40 50 56 58 59 61
02 26 30 37 45 47 61
32 34 37 46 56 60 63
02 31 35 36 51 52 53
32 33 37 41 46 57 63
30 42 43 46 57 63 64
02 03 30 37 51 57 61
03 23 28 31 48 49 63
01 27 29 33 34 49 65
33 34 43 46 56 59 63
26 39 41 45 47 53 64
31 35 43 47 49 57 65
04 35 41 43 48 53 56
05 38 42 52 55 57 59
05 23 26 32 36 39 56
01 05 23 27 52 59 61
02 05 30 35 40 55 61
02 05 33 34 38 40 44
03 28 32 35 41 42 44
05 24 25 56 57 58 64
04 05 27 38 41 49 55
02 05 24 32 33 43 57
01 04 05 26 60 61 62
05 25 38 48 57 62 63
06 27 30 38 39 40 61
06 24 25 31 34 41 46
02 34 40 51 53 56 67
06 33 37 38 55 61 64
03 23 33 36 39 49 67
03 04 28 34 55 65 66
01 03 48 58 61 63 67
04 06 26 27 36 44 55
04 28 41 48 51 57 67
04 06 51 52 58 60 63
04 31 37 46 51 58 61
23 32 37 45 56 66 67
06 27 50 51 52 55 66
06 25 26 28 36 45 66
04 06 22 29 42 51 65
04 05 06 22 40 62 63
03 27 33 34 39 45 65
07 26 41 45 50 59 62
03 27 38 43 51 61 68
03 07 24 28 34 49 58
07 25 28 34 48 55 61
02 29 46 53 61 64 65
07 41 44 49 53 56 57
25 38 44 60 63 65 68
01 27 30 37 52 62 68
28 47 52 53 64 65 68
29 30 42 59 60 66 68
07 28 31 41 50 59 66
06 07 31 42 49 53 60
03 07 22 23 47 60 67
06 07 41 50 51 55 65
02 07 42 57 63 64 67
04 05 48 55 63 66 68
05 06 07 24 41 51 55
05 06 50 54 60 65 68
04 06 38 41 51 66 68
23 24 39 53 54 55 69
25 31 35 36 41 57 69
32 42 50 52 59 64 69
01 25 34 52 58 64 69
03 08 32 39 57 61 63
08 27 30 35 36 43 65
05 23 26 28 44 51 69
01 05 08 28 30 38 49
02 04 08 24 33 50 65
02 41 44 56 58 66 69
01 05 37 46 51 64 69
02 04 08 39 42 60 66
36 37 40 54 59 61 67
06 08 23 47 51 57 63
33 34 39 41 48 51 67
02 25 56 62 63 67 69
01 26 49 56 63 67 69
01 33 44 46 52 60 67
04 06 08 31 39 43 52
04 06 08 27 39 47 60
26 32 51 52 60 68 69
08 26 39 40 48 55 68
01 38 51 60 63 68 69
03 07 26 30 42 54 69
07 08 23 30 41 61 64
04 08 25 34 49 52 68
07 26 28 29 34 65 69
07 08 24 28 42 63 65
03 34 37 46 52 61 64
05 08 41 55 60 62 68
05 49 53 58 63 68 69
06 07 08 50 55 56 58
06 08 22 32 36 53 68
06 08 29 33 49 63 68
22 38 41 44 51 52 70
08 26 35 38 46 52 69
28 36 50 54 56 57 70
08 30 37 45 54 64 69
09 27 30 42 56 63 64
03 23 43 51 53 64 70
04 09 24 29 37 45 61
01 04 09 39 40 56 62
01 04 22 27 32 61 70
02 09 24 25 30 49 65
04 30 32 33 55 65 70
05 08 26 35 41 43 69
01 05 09 22 26 44 57
02 04 09 30 38 51 65
03 39 41 53 60 66 70
05 09 23 25 28 32 65
05 29 32 39 51 65 70
04 09 29 32 40 50 66
03 05 09 43 56 62 64
31 40 52 55 57 67 70
06 09 28 32 35 56 59
06 27 54 58 61 63 70
32 33 35 42 56 67 70
03 22 32 46 62 67 70
02 09 32 48 63 65 67
07 31 35 46 56 60 70
01 09 26 31 60 62 68
07 09 23 24 34 44 64
03 08 23 41 58 68 69
27 32 50 60 61 62 68
01 06 48 50 51 52 67
07 37 44 49 63 66 70
02 05 07 22 39 43 70
02 03 31 57 67 68 70
02 03 06 32 33 68 70
05 07 39 50 60 67 70
08 31 40 43 49 50 70
08 09 23 49 55 58 62
03 08 31 44 48 57 70
08 22 40 49 60 64 70
05 09 24 35 51 56 69
06 08 28 33 48 60 70
08 29 35 43 62 67 70
01 06 36 46 62 69 70
02 05 08 41 58 66 70
48 49 52 64 67 69 70
25 26 42 50 68 69 70
01 29 38 42 53 55 71
03 22 25 30 33 39 71
02 23 35 49 58 63 71
01 03 10 41 51 52 54
03 32 43 52 56 60 71
05 28 35 40 41 50 71
23 27 52 54 57 66 71
05 40 42 44 47 48 71
05 23 27 36 39 46 71
03 29 43 50 51 66 71
03 05 10 27 42 44 52
05 39 41 50 52 66 71
06 10 29 32 39 40 55
24 34 53 54 61 67 71
06 22 28 36 46 52 71
27 31 46 49 58 68 71
07 10 31 33 36 49 63
07 25 41 44 57 65 71
03 29 43 51 66 68 71
10 24 29 30 55 67 68
01 07 50 60 61 67 71
06 07 10 30 34 45 63
07 27 44 47 66 67 71
08 10 24 29 30 40 59
10 35 39 43 54 55 69
10 24 36 38 53 64 69
03 08 10 22 36 41 61
01 27 45 50 65 69 71
01 08 10 38 40 50 63
03 08 10 26 35 41 58
06 34 58 61 63 69 71
04 08 44 47 57 59 63
02 10 42 58 61 68 69
10 31 33 39 51 59 70
10 23 29 39 44 62 70
10 23 25 29 49 51 70
09 23 26 35 55 64 71
07 30 54 66 68 69 71
09 10 31 42 48 49 66
31 45 51 59 61 67 69
06 27 33 55 57 60 69
06 31 49 55 58 62 69
06 33 35 50 51 52 58
05 32 33 40 53 56 66
09 23 34 48 56 69 71
03 07 08 50 63 70 71
08 10 22 28 55 69 70
26 27 33 40 59 61 72
11 33 40 42 45 54 57
11 22 33 46 52 57 60
04 11 24 39 40 41 42
23 39 50 59 61 65 72
05 11 43 50 55 60 61
05 11 28 39 51 55 56
05 11 35 41 44 51 53
05 22 32 36 51 62 72
03 11 26 31 37 52 66
03 40 41 51 60 66 72
06 23 28 29 45 53 72
06 33 36 37 38 43 72
11 24 39 41 45 49 67
01 06 45 49 50 63 72
22 43 44 51 53 67 72
03 11 29 49 52 59 67
01 06 23 28 42 48 72
04 06 37 49 57 60 72
05 06 11 29 31 49 65
09 10 44 53 56 68 70
07 11 22 27 35 43 46
11 26 38 47 56 61 68
04 22 26 36 50 68 72
02 03 07 11 56 61 65
27 31 45 65 67 68 72
24 25 28 40 49 69 72
07 31 34 39 61 68 72
08 24 33 45 61 63 72
11 27 38 43 47 63 69
03 36 37 56 59 69 72
23 24 28 59 61 69 72
08 22 37 40 60 65 72
04 27 38 52 53 69 72
04 11 22 34 40 45 69
03 08 11 52 58 59 67
05 25 40 51 67 69 72
04 05 08 26 36 67 72
01 25 47 59 68 69 72
30 31 38 39 55 70 72
11 29 40 47 48 53 70
36 51 53 54 58 59 70
09 29 30 34 41 46 61
40 42 43 44 57 58 70
11 48 52 58 60 66 70
05 09 11 27 28 44 50
02 09 28 48 52 55 60
06 09 31 32 48 57 72
11 31 47 50 58 67 70
29 39 44 57 59 65 70
08 27 35 53 62 65 69
07 10 28 29 60 70 71
02 09 25 40 46 68 72
03 07 31 37 65 70 72
05 33 35 38 40 56 70
05 09 31 41 49 57 59
09 11 23 31 35 43 69
08 37 38 39 61 70 72
02 09 11 33 35 61 69
10 23 34 44 47 50 72
10 11 24 26 36 47 51
31 32 52 60 63 71 72
03 11 25 38 39 50 71
03 10 35 55 57 62 72
03 27 30 48 65 71 72
06 11 23 57 58 59 71
29 39 42 60 68 71 72
06 10 54 62 66 67 72
01 41 43 53 69 71 72
08 11 25 26 47 67 71
10 25 31 45 50 70 72
01 12 35 41 45 54 55
12 33 43 52 59 61 65
04 12 22 31 36 40 59
11 31 43 50 64 66 72
04 34 35 46 52 66 73
01 23 46 48 65 66 73
06 23 41 46 48 54 73
05 12 28 52 60 63 66
03 32 43 50 56 67 73
06 12 39 42 49 50 65
06 12 43 51 61 62 65
04 06 12 26 39 48 63
05 06 12 23 33 36 63
07 12 33 46 48 53 54
12 22 27 41 56 65 68
06 12 26 42 58 66 68
25 29 38 55 65 69 73
02 04 08 12 27 31 50
08 31 33 41 45 67 73
05 12 33 37 64 66 69
04 07 08 23 39 62 73
26 27 28 46 64 70 73
26 40 42 64 65 70 73
09 25 40 44 54 67 73
09 25 27 48 56 68 73
07 22 24 25 33 70 73
07 09 37 47 50 63 73
07 12 29 47 58 67 70
08 09 12 46 60 63 68
12 27 31 33 43 60 71
11 31 34 57 64 71 72
12 30 31 52 58 64 71
02 03 41 51 57 71 73
04 12 22 34 41 45 71
10 23 42 52 60 66 73
31 33 52 57 59 60 71
10 30 32 35 44 48 54
10 27 28 31 53 57 58
10 27 34 39 40 54 59
28 32 34 41 46 58 71
01 33 41 49 50 55 71
02 10 29 35 46 48 59
04 28 29 33 39 47 71
04 10 35 36 54 55 56
03 10 36 44 58 59 64
10 12 28 35 38 60 68
26 29 41 44 68 71 73
04 07 35 42 46 71 73
03 04 07 10 27 34 73
02 04 10 29 40 54 63
29 34 42 57 70 71 73
32 55 63 65 70 71 73
04 23 65 68 70 71 73
07 10 12 23 44 67 70
07 10 12 30 41 67 70
09 10 12 28 55 57 69
12 27 39 54 56 58 72
27 36 41 54 58 72 73
02 29 44 46 62 72 73
11 22 25 27 49 65 73
05 11 36 50 58 64 73
06 12 22 50 52 59 72
11 29 39 61 65 67 73
04 07 12 27 37 40 72
01 07 12 41 55 66 72
08 12 46 51 53 63 72
37 38 39 42 63 69 71
07 09 11 12 45 53 61
11 12 29 30 35 38 71
06 10 11 12 37 52 54
10 24 37 64 68 72 73
03 04 12 30 68 71 72
04 08 10 41 62 72 73
11 12 28 39 57 70 71
09 10 32 33 52 53 56
04 13 28 50 54 57 64
25 26 27 36 47 66 74
31 44 51 57 59 66 74
02 04 05 12 31 60 73
01 02 05 26 34 65 74
06 22 33 40 49 56 74
06 13 29 36 43 58 62
06 12 34 41 47 48 73
03 06 27 31 50 64 74
04 06 13 36 47 56 63
06 25 38 44 65 66 74
04 34 58 59 66 67 74
04 43 44 58 66 67 74
05 13 30 32 59 66 67
24 35 43 59 61 68 74
02 13 25 39 47 50 68
02 29 35 52 58 68 74
07 28 35 52 57 63 74
07 43 44 49 62 66 74
08 12 25 29 40 41 73
13 49 54 55 57 63 69
03 08 13 32 44 51 53
01 03 08 13 26 35 57
01 03 13 24 63 65 69
08 13 37 42 45 61 66
13 38 48 57 62 66 69
05 08 13 36 39 43 61
12 22 63 65 66 69 73
08 13 25 26 54 61 68
04 26 27 36 42 70 74
05 08 13 41 48 49 69
06 26 34 42 44 70 74
01 02 08 13 31 67 69
04 06 13 25 28 62 70
09 35 40 45 46 68 74
09 12 37 45 65 68 73
08 23 50 61 66 70 74
06 08 13 23 24 61 70
10 13 22 35 39 56 60
02 10 13 23 28 34 44
32 37 38 43 52 71 74
13 26 27 41 57 65 71
05 22 27 31 54 71 74
10 49 53 54 56 66 74
13 28 31 57 63 66 71
01 10 23 45 46 68 74
07 10 13 23 40 62 65
03 10 13 28 37 59 70
06 10 34 59 68 70 74
12 31 37 55 61 72 73
13 26 27 51 58 59 72
23 50 54 61 66 72 74
11 13 34 39 61 62 66
44 50 51 55 66 72 74
01 06 11 32 39 46 74
11 27 28 32 34 41 60
03 06 11 13 35 45 55
01 02 28 44 46 48 72
11 13 28 42 50 66 67
03 07 11 13 23 43 48
07 11 37 44 47 66 74
08 13 35 43 47 59 72
01 05 06 09 61 72 74
01 10 11 13 36 49 66
07 13 36 55 68 71 72
12 25 28 39 47 55 74
12 35 44 50 51 62 74
13 31 44 46 57 67 73
12 13 29 36 48 58 67
04 24 37 64 69 73 74
09 12 13 35 59 63 64
02 09 27 30 38 61 72
07 09 11 35 61 72 74
24 37 48 63 71 73 74
05 10 13 22 48 54 73
03 07 56 69 71 73 74
32 43 52 54 69 71 78
12 24 60 68 70 71 74
02 13 26 37 51 72 73
03 13 28 39 50 72 73
11 13 40 42 66 67 73
28 32 35 71 72 73 74
06 31 46 50 54 65 75
04 05 27 39 48 66 75
05 06 38 40 47 61 75
05 14 48 58 62 63 67
07 32 35 42 56 57 75
07 23 26 33 46 48 75
01 07 14 31 40 50 51
03 07 39 42 48 57 75
01 07 36 40 63 65 75
06 22 25 45 66 68 75
07 14 28 32 54 66 67
04 14 26 32 65 67 68
08 14 25 39 42 50 61
03 32 35 43 50 69 75
08 14 32 45 51 56 64
08 14 53 55 57 62 64
05 26 44 48 63 69 75
02 24 61 63 66 69 75
02 03 04 05 08 62 75
06 08 14 24 51 60 63
08 14 32 46 51 64 67
03 33 38 40 41 70 75
02 09 14 28 32 37 53
04 14 41 42 50 64 70
04 14 29 38 50 64 70
14 34 45 55 59 66 70
05 09 30 56 63 67 75
04 07 09 14 22 38 60
03 09 14 33 56 66 68
14 29 45 51 65 69 70
07 23 29 54 69 70 75
01 10 14 25 47 48 50
02 10 14 33 37 57 62
03 35 38 49 65 71 75
01 14 26 29 51 66 71
30 34 41 63 66 71 75
04 05 23 31 54 71 75
05 52 57 59 65 71 75
01 07 10 34 35 48 75
07 14 27 28 38 67 71
14 22 26 30 38 69 71
08 36 41 42 46 71 75
02 08 10 14 41 44 50
01 11 14 33 56 60 66
06 27 39 53 58 72 75
06 14 25 27 41 51 72
11 14 33 35 37 40 67
01 06 11 14 22 38 49
07 14 26 35 42 61 72
07 11 14 30 31 36 54
06 11 14 36 56 66 68
01 09 14 34 41 45 72
14 26 43 53 65 70 72
10 11 22 31 32 50 75
10 14 26 32 44 53 72
02 24 30 45 71 72 75
03 11 13 35 50 71 74
04 48 51 53 71 72 75
10 11 24 34 57 65 75
12 26 28 47 57 64 75
12 28 37 44 59 66 75
05 34 41 56 64 73 75
30 36 44 49 54 63 73
12 30 36 45 49 57 64
12 38 39 46 58 62 64
14 22 25 30 67 68 73
09 53 54 65 70 71 72
04 39 49 51 53 62 73
06 07 12 33 40 66 75
12 36 44 58 63 69 75
28 32 39 44 45 67 73
01 06 12 29 38 45 59
33 42 62 65 71 73 75
12 14 28 41 55 68 71
04 07 34 66 71 73 75
10 12 14 29 41 44 70
10 23 45 47 71 73 75
09 29 30 45 46 51 73
08 39 41 45 52 69 73
12 13 60 66 71 72 74
13 14 24 29 54 63 65
03 04 35 37 60 74 75
01 13 14 35 37 57 66
04 32 43 50 66 74 75
05 13 14 34 46 51 67
07 14 30 33 54 65 74
05 07 14 28 30 47 74
08 13 14 29 35 49 59
06 09 13 38 56 61 75
06 13 14 39 43 68 70
05 38 48 59 71 74 75
10 14 23 25 41 67 74
32 37 45 51 60 62 71
10 12 40 49 51 53 66
02 11 13 14 25 40 64
11 27 42 45 66 74 75
25 40 53 71 72 74 75
14 20 35 40 56 58 65
01 13 22 24 39 73 75
03 06 12 52 66 74 75
12 13 14 41 48 60 69
11 12 13 51 52 65 75
15 23 37 43 57 66 67
06 22 33 61 65 66 76
04 07 22 28 31 39 76
04 26 47 48 49 68 76
07 49 51 61 64 65 76
28 36 63 64 65 68 76
07 30 34 42 55 67 76
06 30 33 48 55 68 76
08 15 36 41 51 66 67
06 08 29 48 63 66 76
04 15 29 39 52 66 70
03 05 15 44 49 55 70
09 15 25 39 44 51 67
06 15 30 34 42 66 70
02 09 14 30 46 68 75
06 09 15 28 31 60 67
09 15 30 32 40 45 68
08 09 34 51 53 57 76
07 09 15 44 55 59 68
10 30 32 57 60 67 76
07 25 31 42 65 71 76
15 27 28 34 54 69 71
10 24 52 58 66 69 76
02 38 50 64 66 72 76
06 13 14 36 62 72 74
03 04 11 22 24 67 76
03 04 15 23 33 67 72
07 11 15 28 43 44 62
08 11 15 30 32 33 52
02 50 56 67 71 74 80
02 10 11 24 65 67 76
09 10 11 43 45 48 76
03 27 35 45 60 73 76
03 12 22 32 63 64 76
25 41 60 65 67 73 76
02 08 15 22 39 52 73
03 08 15 26 47 52 73
05 12 28 33 45 69 76
02 12 28 29 56 70 76
01 12 15 26 53 64 70
12 61 63 66 67 71 76
10 12 15 36 37 58 68
44 65 68 69 71 73 76
08 10 12 15 51 66 68
10 32 50 53 70 73 76
01 11 15 41 44 48 73
15 29 32 53 63 67 74
04 15 29 46 56 68 74
08 13 15 34 44 54 65
13 32 39 40 46 54 65
36 37 39 44 62 65 74
01 02 29 56 58 65 74
13 15 38 40 48 68 69
05 09 13 15 27 31 52
02 06 13 27 33 41 45
12 32 33 68 70 73 76
15 35 53 57 70 71 74
11 15 32 37 61 63 74
01 11 13 15 57 65 66
02 13 29 43 44 61 70
07 11 13 33 38 72 76
25 27 29 46 64 73 79
01 13 51 52 55 58 71
12 13 22 33 38 72 76
04 07 11 12 13 15 70
02 04 08 45 65 75 76
07 08 39 40 55 75 76
09 15 27 31 46 63 75
13 15 23 33 49 72 74
09 10 42 46 49 53 70
02 13 28 31 51 65 72
11 14 15 23 26 37 70
16 32 35 36 56 73 74
05 12 14 35 64 68 76
07 12 15 28 40 69 75
05 10 19 30 40 42 63
09 11 13 44 53 54 60
01 05 14 15 30 36 74
14 15 40 59 63 69 74
04 13 15 40 46 70 75
07 08 17 20 37 61 69
11 20 24 31 44 62 80
16 31 32 44 53 56 67
04 16 23 36 59 63 67
04 06 27 48 61 64 77
05 07 27 44 58 60 77
05 21 26 28 34 55 58
29 33 59 60 67 69 77
39 45 48 65 68 69 77
02 04 07 49 66 69 77
09 26 35 42 58 66 77
09 16 25 26 29 46 66
02 03 05 16 24 44 70
04 07 08 50 61 69 77
34 46 54 67 68 70 77
02 09 15 25 37 69 76
16 39 43 47 66 69 70
09 16 39 43 58 67 69
06 08 16 25 29 49 70
05 16 32 33 40 50 71
04 10 22 23 56 66 77
06 36 39 43 44 71 77
14 15 31 35 49 73 76
01 06 09 10 16 23 24
07 09 10 16 45 49 50
01 08 16 24 46 70 71
02 04 11 16 35 47 60
04 32 40 49 66 72 77
11 16 22 33 38 62 67
06 29 46 63 64 72 77
11 16 29 32 35 65 67
03 07 50 57 59 72 77
03 09 10 66 68 70 77
07 11 31 47 65 67 77
22 23 41 59 69 72 77
09 16 22 27 31 61 72
04 35 45 46 71 72 77
05 11 16 41 47 57 71
02 11 30 36 66 71 77
05 36 40 67 71 72 77
16 23 34 51 61 63 73
16 30 42 46 49 65 73
05 12 25 29 43 51 77
12 25 30 31 64 66 77
06 11 16 28 61 62 72
01 12 32 41 64 68 77
06 07 16 29 36 51 73
08 24 36 51 61 73 77
07 28 41 49 63 79 80
09 10 16 33 34 71 72
09 12 28 55 57 69 77
10 16 38 57 62 64 73
16 25 27 56 65 71 73
10 33 47 54 67 73 77
08 10 16 44 49 57 73
09 11 16 51 69 70 72
11 28 43 55 66 73 77
07 11 12 39 40 52 77
10 16 24 33 57 72 73
13 16 36 43 51 65 66
13 16 25 48 52 57 68
13 33 47 48 52 69 77
04 12 16 51 64 70 73
04 11 29 39 60 74 77
02 03 16 29 31 49 63
18 21 27 44 68 74 78
10 11 13 16 26 31 48
12 13 47 49 54 68 77
01 10 16 48 65 73 74
13 35 45 56 72 73 77
03 05 16 28 41 60 75
14 26 37 43 60 69 77
14 27 31 42 47 59 66
05 13 38 44 46 63 74
01 13 47 52 64 66 74
10 14 24 34 45 62 77
10 14 16 30 48 67 69
03 06 12 14 16 33 47
03 13 14 37 50 51 77
06 13 16 28 37 62 75
16 29 55 57 69 74 75
04 14 16 25 60 69 74
16 24 35 38 39 41 51
11 27 36 38 48 57 75
36 50 52 56 64 72 75
13 29 30 31 34 55 75
14 16 35 47 67 73 74
07 39 58 61 62 76 77
23 47 48 64 68 76 77
07 25 39 48 62 76 77
05 09 16 29 33 53 76
09 15 16 32 57 64 69
08 09 51 57 70 76 77
10 52 64 71 77 79 80
04 12 30 42 58 65 75
05 14 33 41 49 64 73
40 46 58 64 68 73 75
07 34 53 54 64 73 75
12 14 35 45 47 64 70
08 12 14 36 50 69 70
04 05 11 20 21 34 36
32 40 51 53 63 70 73
15 27 43 46 53 56 79
11 12 14 40 61 76 77
15 23 39 45 56 75 76
39 56 57 59 70 74 75
15 18 24 26 31 46 73
06 25 40 45 51 66 78
04 05 06 17 32 58 62
03 05 17 23 31 44 68
05 22 28 45 65 68 78
03 04 08 35 52 66 78
03 07 08 17 29 38 50
04 27 36 42 44 47 52
04 06 07 17 26 36 69
17 28 31 39 49 66 70
01 06 09 17 26 39 66
07 23 40 45 51 70 78
06 09 22 46 59 68 78
07 54 59 64 65 71 78
07 27 49 60 66 71 78
22 31 50 52 56 57 69
10 30 37 38 69 70 78
08 17 28 35 49 70 71
04 24 36 56 67 72 78
27 40 47 65 67 72 78
02 07 11 17 45 47 55
09 17 32 38 45 53 72
09 17 28 43 47 52 72
22 29 30 39 42 64 70
04 17 46 67 68 70 72
06 11 38 40 50 71 78
17 32 34 37 68 71 72
09 17 27 35 49 71 72
01 07 33 43 56 73 78
03 07 17 26 58 66 73
06 12 54 63 64 69 78
09 45 52 61 65 73 78
09 11 17 47 55 67 72
12 16 33 52 55 71 77
04 10 12 17 37 57 60
01 10 22 35 39 48 56
10 17 46 54 65 68 73
14 36 38 58 70 72 74
03 12 49 63 70 71 78
06 12 17 56 66 70 71
03 11 12 23 36 67 78
06 17 24 33 67 72 73
10 11 12 40 53 57 78
05 17 22 23 28 33 74
13 17 23 28 47 50 71
01 12 19 33 34 52 56
10 33 40 51 61 76 79
09 18 20 35 44 46 55
07 12 13 26 31 67 78
12 37 56 63 71 74 78
03 05 17 32 46 59 75
02 09 14 33 37 67 78
04 05 10 14 17 37 67
10 22 29 57 70 75 78
11 14 17 39 46 53 63
05 11 17 51 52 57 75
02 05 17 38 51 72 75
10 14 17 35 59 67 71
17 27 28 30 70 72 75
22 47 51 57 58 64 73
03 14 52 56 70 73 78
13 33 36 41 56 74 76
13 27 43 51 63 75 78
01 06 14 45 50 74 78
13 14 17 34 46 60 70
15 19 20 37 44 69 74
12 18 23 29 54 61 73
05 08 20 34 37 39 47
06 13 36 45 50 55 74
38 40 53 55 73 77 79
06 18 45 47 61 64 66
02 04 05 44 67 68 79
08 37 42 49 61 68 79
03 06 07 08 18 36 56
02 09 22 50 63 66 79
23 32 41 53 57 64 68
09 18 40 55 65 68 69
04 10 18 25 61 63 68
06 10 18 44 55 63 70
06 08 23 30 39 45 56
07 09 18 38 42 49 71
03 09 23 33 36 41 51
05 09 23 34 40 48 55
05 10 18 55 56 59 72
07 18 27 50 53 71 72
06 07 18 28 36 66 73
01 09 32 39 61 73 79
04 23 44 47 49 51 75
07 17 24 46 66 74 78
13 18 37 47 48 67 68
07 18 23 43 50 67 74
08 13 18 42 56 62 66
08 13 18 37 43 54 70
02 10 13 52 60 63 79
03 10 13 36 40 68 79
02 05 13 18 22 26 72
03 23 42 43 48 65 72
01 07 11 31 67 74 79
02 08 18 56 65 72 74
09 13 46 59 65 72 79
04 07 14 31 52 57 79
02 10 18 34 47 61 75
10 33 48 60 63 75 79
09 10 14 33 37 69 79
04 12 17 23 59 75 78
15 19 36 37 49 54 79
14 26 29 47 66 74 79
04 18 54 63 66 74 75
09 48 64 66 74 75 79
13 29 38 39 44 60 77
05 18 42 50 65 67 76
02 26 30 43 68 76 79
04 08 15 42 45 48 79
04 13 24 41 49 52 80
02 10 18 27 31 66 76
02 05 22 35 51 62 76
20 24 27 53 75 76 80
15 22 24 47 52 72 79
09 15 17 43 69 72 78
11 15 26 47 50 71 79
05 15 40 50 64 73 79
01 08 18 51 63 73 76
20 23 25 26 32 47 71
18 21 22 31 55 60 70
16 21 23 39 57 65 78
10 22 40 63 74 76 79
13 18 33 43 44 72 76
08 13 18 22 40 74 76
10 14 18 38 49 62 76
11 28 34 39 44 49 50
04 25 27 39 48 61 78
02 05 17 20 32 34 59
14 23 30 45 74 76 79
22 23 29 62 76 79 80
17 51 53 68 74 77 78
12 18 20 26 35 37 50
12 13 23 35 39 48 70
02 07 18 44 45 66 77
12 37 38 50 55 75 76
08 10 37 55 61 77 79
16 24 48 61 69 71 79
10 41 66 67 69 77 79
04 11 16 24 55 66 79
02 39 45 50 53 66 77
15 37 48 54 63 67 76
06 16 27 28 36 55 63
03 06 37 38 55 56 77
06 39 49 56 63 67 77
08 16 32 36 43 73 79
09 16 27 36 48 61 64
12 13 22 28 53 66 78
06 46 56 58 69 71 77
09 16 18 64 65 68 74
13 20 22 33 44 72 79
02 20 28 32 48 60 74
25 28 33 35 47 51 80
01 07 18 27 39 52 70
15 31 40 45 61 68 78
16 41 50 54 68 76 77
15 17 28 43 56 68 69
04 17 23 52 67 70 76
10 33 36 59 61 76 78
03 34 36 43 57 66 76
02 03 15 28 55 63 67
04 11 15 17 23 42 63
15 35 37 38 43 66 69
05 34 43 50 60 69 76
04 15 57 61 62 64 70
12 49 61 69 70 76 78
01 10 15 17 22 61 73
11 17 51 69 71 72 76
22 23 27 51 62 77 80
07 13 15 17 48 57 64
22 27 35 55 62 64 74
02 22 34 44 58 64 74
09 13 15 34 65 66 78
06 13 14 17 66 71 75
05 06 11 13 17 54 76
09 22 31 51 53 62 74
15 29 44 48 57 63 72
05 15 50 57 60 62 72
10 12 22 40 60 61 73
14 20 23 29 41 57 67
03 15 17 25 27 72 75
01 15 39 43 50 53 66
06 10 20 33 36 63 67
01 25 61 62 63 64 78
05 25 39 50 55 63 78
09 11 39 51 61 72 76
01 53 55 67 68 77 78
08 16 17 33 36 64 70
04 10 17 53 55 70 77
15 17 52 66 68 72 76
07 16 28 35 64 73 78
01 05 13 16 17 42 43
13 31 33 42 62 65 76
03 13 33 34 45 47 63
11 13 16 25 28 57 78
21 23 29 36 38 46 59
06 16 18 27 34 45 47
14 22 32 35 39 40 75
09 14 22 34 35 56 60
12 28 47 55 60 77 79
11 14 22 35 38 52 64
15 16 28 55 59 62 78
09 17 26 57 60 76 77
06 12 15 16 17 32 64
01 15 21 23 24 57 79
11 16 20 23 52 53 74
14 49 51 58 63 66 76
14 43 54 56 59 71 76
26 30 42 49 51 63 77
15 33 35 54 67 72 80
13 16 20 46 50 56 74
33 42 49 62 71 72 78
01 29 45 58 68 73 79
06 23 27 73 76 77 79
12 16 28 30 33 49 61
05 12 14 23 31 42 61
01 13 16 33 35 43 65
30 32 40 44 67 74 77
19 30 34 40 48 58 76
04 07 10 17 22 35 61
04 22 25 32 40 54 76
15 18 37 39 41 56 74
14 16 18 42 44 73 76
04 36 54 63 72 74 77
10 21 25 30 55 57 65
19 26 35 45 48 55 64
05 10 15 26 36 52 55
01 24 60 63 65 76 77
05 17 27 48 51 67 79
16 21 26 31 38 59 68
07 16 21 26 32 50 62
17 38 48 64 68 73 79
07 15 22 53 61 73 75
23 36 43 52 53 69 70
21 29 34 38 46 60 77
07 12 13 18 64 68 78
01 04 19 25 37 45 62
06 14 17 29 38 62 79
04 41 49 57 58 62 75
01 06 36 44 56 61 75
22 23 31 40 41 64 73
11 55 69 72 75 78 79
03 14 36 44 46 55 67
09 14 27 39 42 51 77
15 25 31 37 43 58 80
12 20 35 37 41 58 78
13 15 30 47 54 73 75
08 16 24 45 50 55 76
16 23 37 42 49 63 77
23 35 38 50 59 64 78
01 03 11 14 16 30 39
14 35 39 43 68 72 77
01 12 46 52 63 70 74
06 47 51 63 73 75 77
01 25 26 48 57 76 79
22 23 25 28 29 31 53
03 10 14 26 31 51 75
22 23 30 54 57 65 75
13 20 21 32 70 74 79
01 22 34 52 55 64 77
14 18 23 29 41 49 54
09 13 18 48 69 77 78
34 48 57 58 69 70 77
35 38 43 48 60 67 79
14 17 18 35 38 39 40
05 11 12 17 43 45 64
04 06 17 18 49 76 77
12 16 21 48 55 73 75
02 03 14 29 36 42 62
03 15 34 48 53 71 76
03 13 31 43 63 66 79
01 19 25 29 43 63 76
01 03 22 34 38 48 62
27 39 42 51 56 61 77
11 15 51 61 62 72 77
02 12 16 37 45 60 76
28 49 53 66 67 74 79
01 07 14 44 46 51 73
15 16 18 23 35 60 80
10 45 60 67 73 76 77
15 18 41 46 53 55 61
10 21 30 38 41 47 78
03 09 10 31 56 60 80
07 09 19 30 50 56 71
24 41 44 69 70 71 80
11 39 52 60 67 69 80
04 09 11 19 40 58 66
03 09 17 69 72 78 79
08 12 19 30 33 70 71
07 11 12 45 65 69 80
27 34 41 43 49 76 79
06 12 19 58 64 69 73
01 05 13 27 61 70 80
42 62 68 74 76 77 78
46 49 54 64 68 75 80
03 07 14 46 62 71 80
05 14 26 42 50 72 80
05 07 19 40 64 72 75
03 27 34 44 62 63 75
27 37 44 47 51 68 75
14 19 39 40 46 72 73
03 23 34 68 74 75 80
13 22 39 63 72 75 80
26 29 31 44 65 72 80
19 54 67 68 72 74 75
11 12 24 31 37 56 57
22 23 32 43 49 64 76
19 22 29 43 67 71 76
07 10 19 26 28 53 76
03 15 19 28 35 69 71
11 19 27 29 35 69 76
06 12 19 46 48 52 76
06 07 12 15 66 68 80
04 18 26 29 68 73 79
20 26 32 33 36 58 76
08 15 19 47 67 71 73
01 06 13 15 19 35 66
13 24 29 30 32 48 62
12 24 33 38 63 64 73
07 08 13 15 19 26 72
07 10 44 52 69 79 80
19 20 25 40 58 64 65
11 15 19 35 52 56 75
10 36 64 71 75 76 80
17 20 28 32 34 36 50
02 09 37 40 58 60 73
04 27 29 35 36 76 78
15 24 26 55 66 72 78
08 19 27 33 46 68 77
09 16 19 30 46 60 72
08 19 61 65 67 73 77
12 26 48 67 71 77 80
08 15 20 42 43 44 48
18 35 42 43 56 60 71
07 19 27 36 56 74 77
10 16 19 32 54 66 74
11 13 16 46 49 64 80
21 35 47 54 55 58 59
12 19 41 59 60 74 77
16 47 57 65 73 74 80
02 19 21 27 28 56 65
02 16 19 25 62 71 75
21 35 40 54 58 61 67
02 09 14 24 51 55 61
05 08 15 37 43 58 74
04 11 20 31 60 62 73
21 27 35 43 44 72 80
21 29 45 54 58 72 80
04 18 33 48 56 70 79
04 07 15 25 40 77 80
04 07 15 16 19 26 57
26 27 30 40 63 75 80
16 19 31 53 64 71 76
11 15 16 38 58 69 80
15 22 27 29 50 64 77
02 22 43 56 65 76 77
12 21 33 37 65 67 80
10 19 36 38 55 62 63
04 23 29 59 63 74 77
10 12 20 23 30 50 53
18 21 33 34 46 51 69
15 38 54 66 68 70 71
14 27 34 46 50 60 73
01 46 59 60 63 76 80
08 21 48 52 57 74 80
05 11 24 41 67 70 78
11 23 25 35 56 60 79
02 30 50 52 55 59 78
03 27 30 37 40 50 78
30 31 34 40 45 66 78
02 06 17 30 32 37 61
02 06 27 40 63 68 78
02 22 34 49 54 62 63
04 28 58 60 74 78 80
08 12 17 19 41 56 73
16 20 21 22 76 77 78
05 13 49 61 65 72 80
15 19 32 51 57 60 68
11 42 45 65 68 69 80
01 16 33 68 75 77 80
07 17 43 45 65 70 72
17 35 39 41 48 67 73
05 09 24 38 46 50 51
22 34 35 43 44 54 60
09 10 13 19 32 51 60
03 12 41 49 54 66 78
05 17 39 40 55 65 73
04 05 12 46 51 57 78
35 36 38 40 50 57 74
26 30 46 47 60 71 77
22 28 33 37 48 52 63
06 18 30 40 45 55 72
15 17 22 45 47 62 73
05 09 24 36 40 42 76
15 24 28 30 60 63 71
02 13 16 34 55 77 78
10 22 24 29 30 34 36
03 15 32 56 75 78 80
09 15 26 52 56 58 80
17 25 33 38 40 73 77
02 11 19 37 43 64 72
09 21 22 31 44 50 58
06 18 34 49 65 74 75
21 32 34 40 46 48 73
04 17 35 36 43 44 75
12 19 47 48 58 67 70
19 29 30 37 39 49 77
25 41 53 61 67 76 78
33 35 37 43 62 65 79
13 29 30 35 62 78 79
11 18 29 32 35 48 49
24 37 40 41 54 57 71
03 18 30 41 46 47 70
13 20 35 44 50 56 75
19 21 26 30 50 61 80
14 17 43 45 47 52 67
17 35 41 42 61 68 75
03 14 17 45 46 63 70
13 14 27 33 46 49 60
31 32 38 51 52 61 74
01 16 39 59 65 75 80
25 27 31 35 45 52 77
02 20 22 23 24 77 80
07 35 50 53 59 65 78
12 28 42 45 47 55 75
05 07 18 35 38 65 80
18 19 23 47 48 68 69
05 18 19 39 46 56 70
18 23 35 38 56 72 80
07 18 32 50 63 72 80
02 16 22 29 32 61 77
03 22 27 42 53 55 61
01 22 28 62 64 67 78
15 25 53 62 76 77 80
17 22 29 32 44 50 71
09 20 33 49 58 61 73
12 23 24 48 53 54 60
54 57 60 63 68 74 80
05 15 19 34 37 47 51
08 10 21 30 32 45 53
16 21 30 41 44 58 60
03 12 19 21 36 48 76
01 16 21 32 42 63 80
01 14 29 41 42 51 67
02 04 19 36 46 57 63
14 29 39 50 59 63 68
15 18 29 37 42 55 77
13 19 27 35 55 64 66
20 42 45 46 48 55 75
19 24 28 42 46 54 77
01 02 12 20 29 46 71
06 16 25 26 28 43 59
13 19 22 35 43 49 51
11 22 32 62 70 76 78
37 39 48 51 58 65 77
33 42 48 52 72 74 79
15 35 37 46 47 49 58
20 27 29 42 56 61 70
19 25 32 48 71 76 79
04 12 18 35 40 53 61
05 20 34 39 50 69 80
05 17 36 42 61 69 77
08 34 37 44 48 72 80
02 24 50 58 61 72 80
04 13 48 55 60 62 80
11 17 29 41 44 47 77
38 42 43 63 72 77 78
24 26 31 41 52 54 55
03 04 14 17 23 29 69
14 17 24 31 59 60 77
17 35 38 60 64 73 77
01 13 16 44 60 66 71
13 20 33 38 41 53 72
16 24 46 60 66 71 76
08 14 18 34 45 51 79
07 19 41 60 72 76 79
08 35 42 53 61 69 78
04 08 17 30 46 47 60
15 33 39 44 47 48 67
04 35 40 50 55 73 76
01 08 33 42 43 59 76
16 20 33 52 59 65 80
01 17 22 51 54 57 74
10 16 25 32 44 54 73
09 34 38 43 51 63 76
22 39 49 52 58 67 75
04 50 57 67 73 76 78
01 16 28 48 63 79 80
10 16 29 62 65 79 80
02 03 06 16 24 28 31
02 09 16 24 33 38 67
01 43 53 62 72 74 80
10 21 24 25 42 70 79
15 37 49 68 70 74 78
16 24 32 41 43 59 60
01 21 28 53 56 60 64
04 05 19 24 28 30 48
12 24 36 43 46 52 77
01 03 04 14 24 35 48
02 13 28 49 50 62 75
07 11 26 37 45 77 80
10 33 35 57 62 69 79
10 12 19 21 23 36 43
05 24 34 43 66 74 77
09 14 15 17 27 49 75
10 13 42 45 46 66 77
03 39 40 47 62 75 80
13 15 17 28 38 41 74
19 36 40 47 60 67 73
15 16 26 30 32 67 80
22 31 39 50 53 55 73
08 18 26 30 43 62 79
05 10 20 41 59 64 70
03 06 19 45 55 72 80
05 06 10 20 29 67 71
25 28 32 43 52 65 70
05 08 11 35 39 60 78
01 08 12 20 44 47 68
12 15 26 38 58 77 80
06 13 20 54 56 58 65
20 24 32 35 52 69 74
08 13 20 29 34 62 63
08 13 20 47 53 58 64
04 09 13 20 41 42 65
01 20 25 52 62 71 74
10 20 28 37 41 66 74
03 19 34 46 50 65 66
14 22 37 40 51 57 63
06 14 16 25 36 44 62
16 17 43 55 65 70 75
12 25 28 56 64 65 71
11 14 20 50 54 57 74
14 16 17 20 21 28 74
03 04 20 53 63 66 68
08 19 30 31 33 53 80
05 08 12 19 46 76 80
20 36 55 62 72 74 76
11 15 20 23 50 68 74
07 20 35 49 60 61 72
13 25 27 56 58 59 70
13 19 28 41 55 57 71
26 29 54 63 67 73 78
08 28 47 66 71 74 80
03 10 12 20 54 55 71
05 12 17 25 52 57 76
06 16 20 30 45 54 68
08 20 31 49 62 68 77
05 21 32 33 57 60 79
16 20 30 37 66 68 72
14 37 39 42 47 51 78
05 13 20 31 46 51 55
02 19 27 40 45 63 73
02 11 20 22 31 74 77
06 19 43 69 70 74 80
04 31 32 58 59 61 80
01 05 08 29 34 45 80
11 25 27 37 38 51 75
11 13 36 43 56 59 77
03 13 18 25 52 62 77
03 10 17 25 38 43 58
03 15 16 34 42 53 78
09 15 26 33 54 63 70
15 25 30 40 50 57 79
13 16 17 22 31 52 56
12 24 29 31 35 41 61
18 21 23 60 70 76 78
21 29 34 37 55 59 67
01 05 25 39 40 57 77
11 17 19 56 58 69 80
07 20 47 57 65 73 78
05 24 37 56 58 69 78
08 17 50 54 57 63 79
17 20 29 36 42 52 74
17 20 34 45 59 72 74
11 20 26 27 71 74 78
09 13 17 20 25 50 73
25 26 28 30 63 70 76
05 19 33 42 46 69 75
16 24 29 50 75 77 79
13 15 29 46 61 62 63
13 14 20 43 68 69 71
25 37 39 51 53 67 76
01 20 34 35 38 64 65
11 15 17 20 48 51 71
01 07 31 61 62 70 78
06 20 31 47 58 64 79
07 20 22 37 38 47 71
04 23 32 47 49 64 66
05 08 18 42 45 46 53
02 18 36 41 43 59 70
05 09 30 41 57 58 79
01 04 32 59 62 71 79
18 34 37 53 64 67 71
18 19 43 50 56 69 80
14 20 30 39 65 71 79
17 45 50 61 65 72 78
33 44 51 65 68 72 79
04 11 39 43 56 69 79
09 15 17 19 40 45 50
14 17 34 36 38 44 53
27 28 54 56 65 73 80
12 23 39 47 62 71 79
16 22 41 44 61 76 79
13 25 29 41 45 47 51
06 08 12 47 67 69 79
08 20 23 39 44 49 55
07 37 48 53 54 78 80
01 41 45 47 62 65 79
10 24 30 31 63 76 78
13 32 33 36 37 68 79
02 03 18 27 51 68 74
09 20 27 40 44 48 69
15 17 26 30 46 58 80
03 24 29 41 62 64 79
01 05 25 28 44 54 80
11 20 27 51 55 56 64
41 42 43 44 50 62 77
08 16 19 38 70 79 80
09 19 20 41 58 67 77
03 25 28 45 50 67 77
25 27 32 48 51 68 77
14 20 22 37 49 60 78
19 25 37 42 63 75 79
12 28 58 63 73 76 80
02 03 10 17 51 52 75
26 42 45 46 59 63 80
02 40 46 48 53 64 75
08 17 24 35 40 47 56
22 25 48 56 61 63 76
13 16 23 39 40 42 54
01 02 20 40 46 49 70
05 09 20 38 52 54 61
02 20 38 43 64 66 70
12 18 33 45 49 50 74
07 17 23 26 40 72 79
08 10 17 31 32 34 63
32 37 42 57 68 74 80
02 03 13 18 24 28 44
11 27 39 50 71 72 80
15 20 38 61 66 67 68
20 39 47 50 53 60 61
01 02 16 23 49 61 78
13 25 34 39 55 59 76
07 12 14 29 44 50 56
02 11 20 38 50 63 76
03 17 37 50 56 59 73
11 20 58 59 61 62 66
01 17 19 37 44 45 50
06 20 27 45 51 73 76
14 17 26 34 38 49 80
04 17 30 36 48 56 61
26 31 42 44 50 67 77
05 14 16 17 20 70 76
03 09 27 33 43 66 80
07 15 20 34 47 59 75
19 20 24 40 48 57 61
20 44 52 56 64 66 79
18 20 43 56 65 66 71
08 18 20 38 40 48 71
05 08 10 38 55 71 78
05 15 18 20 64 73 77
02 09 16 20 42 45 47
09 13 39 57 66 70 77
03 12 20 23 34 49 62
06 28 32 37 73 75 79
13 18 21 26 44 53 60
10 21 25 27 47 60 80
02 42 43 45 51 75 77
09 17 21 36 50 64 67
08 13 51 53 71 73 79
29 32 34 37 42 46 47
02 28 33 47 61 65 77
01 03 10 20 26 38 56
23 24 35 45 47 63 78
12 15 22 25 27 32 75
20 21 27 30 64 66 76
03 08 18 22 38 44 64
15 18 39 42 45 61 62
07 14 20 48 58 78 79
13 19 27 29 42 44 57
48 50 61 71 74 75 76
20 28 33 39 40 62 65
19 24 26 45 66 75 77
24 27 33 34 41 42 79
18 36 48 60 62 76 80
33 46 48 56 70 76 79
15 36 43 47 54 70 79
19 28 35 40 43 74 75
48 52 57 61 73 76 77
06 23 25 53 61 64 75
20 34 43 44 69 70 75
21 28 32 34 58 72 78
12 15 23 25 34 51 64
17 28 35 44 53 66 79
01 35 43 61 64 78 79
07 19 24 42 45 59 65
23 25 33 62 63 74 76
04 19 25 35 54 63 69
23 35 39 50 51 52 74
03 11 28 29 37 47 72
05 12 20 23 50 66 76
01 21 42 48 49 59 78
01 12 29 47 53 62 76
12 30 45 51 57 68 76
06 09 13 38 46 58 80
16 24 30 37 44 52 53
20 21 31 37 49 62 68
20 28 37 46 55 70 75
12 18 22 57 69 71 75
10 18 35 46 56 69 73
14 27 45 57 59 65 80
07 20 33 41 45 49 50
09 13 20 27 42 43 44
09 15 34 38 39 43 78
11 21 23 46 64 73 80
08 21 29 31 39 73 80
07 16 34 35 45 55 71
02 07 08 20 24 28 80
05 11 19 20 27 54 60
13 19 20 23 38 60 63
02 16 20 22 31 40 74
06 07 26 58 67 78 79
05 14 20 65 66 69 80
04 14 19 20 30 46 72
24 25 29 37 38 56 73
12 18 23 34 37 51 59
02 15 20 45 63 68 80
03 10 15 20 46 57 80
08 22 30 39 42 45 63
12 24 25 46 57 66 73
11 20 24 56 57 60 68
07 17 24 34 40 51 59
02 20 55 58 64 65 75
22 28 36 54 58 73 80
11 13 18 23 29 43 45
20 30 36 40 47 49 58
03 08 11 16 19 20 22
12 13 18 23 38 54 55
04 22 24 64 66 77 78
02 06 16 27 47 51 79
16 46 48 54 62 64 67
35 40 43 53 60 68 77
03 10 16 40 51 52 79
15 42 48 49 62 69 76
23 27 38 39 44 53 74
34 44 56 59 67 70 77
16 34 40 43 47 67 70
05 10 13 15 35 60 80
05 14 18 23 36 66 69
25 34 46 51 52 64 76
15 27 30 41 46 49 58
16 19 26 37 40 69 73
11 35 38 44 48 51 77
10 32 35 53 63 68 77
05 14 20 24 35 58 59
03 07 42 49 50 59 78
06 21 31 33 48 64 78
05 15 16 32 59 61 71
02 11 13 16 18 31 56
02 24 36 52 54 74 79
06 11 19 20 23 27 78
03 11 35 46 56 72 79
01 04 11 25 36 50 78
18 21 28 33 41 44 76
06 10 17 20 42 48 53
09 22 30 32 40 54 62
01 18 29 34 52 53 55
26 38 44 49 55 60 75
07 14 20 28 32 34 47
02 14 23 33 52 55 65
03 14 16 17 54 70 78
17 36 43 48 61 64 76
24 31 51 57 63 71 80
07 17 20 28 29 38 39
22 37 38 48 56 64 75
03 14 24 41 42 59 63
15 19 25 26 38 40 48
16 19 44 52 59 69 80
23 35 48 61 74 75 79
15 38 44 45 48 60 65
06 09 15 24 27 44 76
10 20 24 29 43 55 76
01 13 14 18 22 41 53
16 27 44 46 49 55 67
04 15 38 40 45 60 66
15 20 23 24 51 54 58
06 28 29 35 55 75 80
14 33 38 57 66 70 79
02 13 20 24 42 67 76
03 11 13 22 36 41 52
15 18 55 56 62 67 77
24 31 32 35 41 49 75
17 20 56 59 67 74 79
24 25 37 44 49 54 59
02 20 24 26 41 66 67
01 14 19 20 24 29 42
07 17 20 28 52 57 75
09 14 17 20 33 45 64
01 20 39 46 55 74 75
18 34 38 60 73 76 77
06 18 20 32 40 70 79
01 09 19 20 33 44 69
06 22 25 33 42 68 78
11 17 26 29 32 40 54
03 23 29 45 50 54 61
01 05 17 20 42 43 72
09 19 20 32 65 66 70
02 12 25 37 42 49 76
08 15 25 51 60 66 69
01 27 39 42 49 75 76
04 24 37 62 64 73 79
12 19 20 21 30 60 67
04 05 08 20 23 24 51
01 08 29 30 31 36 79
06 13 14 25 39 48 74
04 20 37 43 48 52 68
12 26 29 41 47 48 78
01 18 22 26 36 50 55
15 17 20 31 34 37 42
06 20 28 32 43 45 75
19 28 30 40 45 55 66
16 23 41 59 65 72 79
01 16 20 43 46 70 71
14 22 25 41 51 63 78
04 11 17 36 45 58 77
01 24 40 42 55 75 79
19 28 34 35 49 54 80
03 05 06 17 32 35 74
06 15 41 45 51 61 69
19 24 26 47 53 54 70
04 11 20 24 39 43 77
11 21 28 32 54 78 79
11 16 32 41 56 68 78
01 14 23 37 53 59 74
14 15 22 24 25 31 47
15 22 47 48 53 66 80
10 24 48 50 52 55 80
11 14 28 36 59 72 79
02 18 45 48 66 76 80
01 13 36 57 58 60 80
06 18 24 27 45 51 64
20 24 27 39 52 60 80
04 09 46 55 62 78 79
30 38 41 44 48 57 73
11 18 30 46 62 64 78
02 20 29 43 45 62 78
02 22 23 32 43 46 70
11 18 42 45 55 57 77
11 18 45 49 66 70 78
15 30 34 36 37 57 60
03 17 37 54 56 60 61
01 28 36 38 41 53 77
20 26 28 34 55 71 76
07 15 24 34 45 63 79
15 49 55 59 61 76 77
04 10 16 18 25 30 55
26 28 34 45 48 49 77
01 04 16 36 39 44 62
14 19 21 34 35 60 65
02 17 37 70 71 74 79
27 30 39 49 70 73 78
15 28 42 50 52 57 66
20 45 47 50 54 63 76
03 10 16 22 24 25 40
05 16 18 41 45 51 66
11 15 19 24 26 55 60
31 33 45 47 61 76 78
15 20 33 46 54 55 61
04 06 10 14 18 40 78
21 28 60 63 64 65 75
19 30 32 44 61 64 67
05 08 19 30 37 41 75
04 09 15 41 55 57 65
01 05 18 29 51 54 68
06 20 28 40 52 53 80
09 19 23 34 48 58 72
16 19 33 59 69 70 80
10 20 42 54 58 59 72
08 17 19 21 46 76 78
15 32 36 44 64 73 79
13 30 34 36 67 73 74
18 25 36 49 59 65 77
07 08 16 18 54 60 72
04 21 37 45 47 58 64
05 21 23 53 59 62 64
03 26 41 49 51 57 61
01 06 21 26 36 40 55
06 21 34 39 45 54 63
21 22 23 31 36 65 67
04 21 23 40 44 61 68
03 06 07 21 29 39 59
08 21 28 32 58 61 65
05 08 21 28 30 38 55
04 05 21 28 50 55 69
06 21 29 35 39 62 69
03 08 21 34 41 55 67
21 27 34 55 65 68 70
07 26 47 48 54 62 63
02 07 26 36 41 52 63
10 21 22 39 47 57 64
05 10 21 23 24 39 64
21 23 28 48 55 67 71
07 10 21 35 62 63 65
07 19 20 64 65 71 80
04 10 21 31 33 42 69
01 21 52 64 66 69 71
06 21 28 48 59 69 71
08 21 30 35 49 69 71
10 21 33 45 49 58 70
09 21 22 45 56 61 71
21 25 26 44 53 54 72
21 26 47 55 62 63 72
04 10 21 49 56 59 71
11 21 27 37 58 64 65
05 11 21 25 30 47 59
07 11 21 24 31 33 57
04 10 21 40 61 68 71
07 11 21 26 61 65 68
11 21 28 31 58 64 70
06 21 40 60 65 70 72
01 26 34 56 59 65 70
01 06 08 21 61 71 72
11 21 25 34 37 55 72
21 43 44 51 59 65 73
04 12 21 37 42 55 65
21 22 44 57 63 67 73
03 12 21 29 33 56 69
03 12 21 27 58 61 69
09 12 21 27 50 57 58
09 12 21 24 54 62 64
21 22 28 63 66 70 73
11 21 31 38 39 55 73
03 21 27 37 60 72 73
01 08 09 11 12 21 24
16 24 32 36 39 51 71
01 04 21 24 32 49 74
13 21 30 51 52 58 66
08 13 21 40 52 53 62
02 05 21 45 61 69 74
07 21 39 40 63 69 74
02 21 28 42 68 69 74
21 48 50 63 65 70 74
05 06 10 21 59 65 74
10 26 37 42 52 61 71
13 21 32 60 67 69 73
19 37 40 41 64 78 79
15 25 33 38 48 63 74
10 26 28 31 40 44 72
02 08 14 21 24 32 40
02 03 08 14 21 44 58
06 08 14 21 25 38 59
08 16 20 27 38 70 78
07 12 31 56 61 65 79
02 14 21 32 53 69 72
12 26 27 37 42 52 62
01 02 12 26 49 52 54
05 14 21 22 37 69 73
06 12 26 31 36 44 62
11 12 13 21 32 53 74
02 07 13 14 21 27 68
04 09 10 27 31 77 79
01 23 34 36 41 42 43
16 23 30 31 35 62 74
21 30 39 40 41 70 76
11 20 37 43 44 55 57
08 09 21 61 62 64 76
09 21 37 60 67 71 76
09 20 25 29 34 42 69
08 17 26 42 58 72 80
03 20 25 31 40 51 60
20 33 45 57 61 62 63
17 26 38 51 52 60 61
26 33 37 38 46 64 74
03 26 48 51 55 64 74
03 19 25 43 58 72 80
11 22 32 41 43 47 80
14 20 29 37 38 49 55
04 24 42 55 72 77 78
10 13 19 23 33 61 68
20 22 29 36 44 48 78
04 14 21 27 35 47 80
05 21 32 49 55 60 61
03 06 21 41 50 52 63
03 16 21 25 60 66 71
21 27 30 37 42 66 69
04 11 16 21 39 50 51
01 10 21 27 36 59 61
02 21 28 56 58 69 71
09 23 27 31 36 75 79
05 14 21 45 54 68 77
08 16 24 51 54 72 79
19 33 42 52 58 71 73
31 32 41 47 57 66 73
05 12 30 56 57 63 80
05 12 21 51 54 58 73
18 30 40 47 48 51 79
09 21 29 36 43 72 74
01 03 14 24 32 41 79
01 06 14 19 22 36 52
11 21 32 34 44 72 74
10 11 21 34 38 66 78
22 26 43 52 56 57 71
04 10 22 26 32 35 52
05 23 44 51 62 64 79
27 31 37 40 47 51 69
24 25 28 37 53 70 78
17 22 30 34 37 42 59
08 14 17 21 36 39 46
08 14 21 22 29 39 78
21 45 51 53 62 64 75
03 21 30 35 45 64 75
10 14 17 21 28 29 36
06 12 14 21 49 55 78
03 21 66 69 73 75 78
24 25 28 42 58 73 78
05 23 39 52 58 59 77
15 26 46 52 61 64 65
01 17 24 29 50 58 62
11 14 16 24 33 56 79
04 17 24 39 69 75 77
13 15 21 41 70 73 78
01 11 27 31 35 44 61
10 19 36 37 38 52 77
19 20 34 35 41 49 56
07 08 20 23 29 40 49
20 25 35 40 50 55 66
01 08 19 47 60 62 78
18 26 31 54 55 76 80
08 26 54 58 59 74 76
06 08 15 26 41 44 74
15 20 31 36 61 65 72
27 33 46 70 77 78 79
21 22 43 59 60 65 73
02 03 05 17 26 30 46
16 22 32 35 43 47 70
17 18 33 34 40 60 71
21 28 30 49 54 59 76
03 15 21 32 36 38 61
21 38 47 55 59 66 76
15 21 27 36 56 59 66
01 15 21 47 59 64 66
01 12 17 18 57 59 77
08 21 32 35 50 57 76
07 21 27 34 64 68 76
02 41 50 55 56 62 79
01 10 11 19 30 50 80
13 31 39 45 62 67 80
01 12 14 16 18 23 77
14 20 24 27 55 66 78
16 19 24 32 41 65 77
02 07 21 22 33 45 79
04 08 18 21 61 62 67
04 28 31 36 45 56 61
21 31 41 62 63 72 79
02 08 37 39 46 52 80
03 10 12 18 21 26 41
12 18 21 34 47 57 72
04 05 25 49 50 60 79
01 07 09 18 25 41 45
28 35 43 48 57 59 67
01 21 22 35 42 66 75
06 14 21 22 40 43 47
10 14 18 21 47 52 61
17 18 25 32 42 45 63
02 04 49 51 60 75 78
10 15 25 51 52 53 62
13 26 36 57 60 61 74
07 09 15 21 43 61 79
07 12 34 46 52 56 79
25 32 35 37 41 52 60
06 15 23 32 57 62 76
15 27 28 30 43 52 67
01 19 34 40 42 53 80
03 20 40 43 46 52 79
05 36 41 42 49 59 79
18 34 37 40 53 60 66
24 26 31 41 50 52 80
01 05 32 46 57 66 79
37 38 44 49 58 68 79
10 13 23 26 31 33 55
19 27 49 50 69 70 77
08 18 39 42 44 51 62
08 18 32 45 47 51 62
03 18 23 27 59 62 80
05 11 23 26 36 48 74
02 16 27 38 49 56 69
19 20 23 29 39 67 80
15 17 31 39 44 49 72
14 17 49 62 74 77 79
07 11 12 18 20 28 63
39 50 51 56 57 63 75
05 07 25 40 45 75 79
21 35 36 42 58 65 71
03 32 35 52 67 72 79
01 04 17 42 48 50 78
01 06 15 21 42 77 79
03 07 15 16 21 69 79
15 18 27 45 49 51 78
02 16 20 25 33 37 71
04 16 17 24 31 59 71
47 52 55 56 59 70 80
04 20 30 37 40 50 74
15 43 52 60 62 65 77
05 36 51 57 62 76 77
11 19 21 23 38 48 66
02 14 20 35 36 46 79
07 08 17 18 21 39 40
02 20 42 56 59 65 70
14 18 25 39 53 58 74
16 21 30 48 50 58 67
11 18 21 38 49 71 78
08 16 21 39 50 56 57
10 16 19 42 54 69 74
20 23 32 47 50 62 63
01 17 23 31 32 41 46
02 15 23 26 40 61 67
01 18 20 22 35 36 64
08 48 56 57 61 67 76
25 40 44 46 52 60 62
03 12 15 23 26 41 60
04 15 20 31 47 74 79
04 20 29 56 59 63 74
26 31 45 48 55 58 61
11 24 31 44 50 57 62
08 09 16 17 21 71 79
19 23 32 41 55 71 80
12 44 54 59 69 72 79
04 13 21 31 48 57 72
11 18 41 44 49 77 80
05 22 25 40 61 66 76
05 14 26 34 47 51 61
21 25 36 44 45 67 78
05 14 34 44 55 56 61
21 23 37 57 61 67 76
14 25 27 32 33 44 75
12 26 31 36 55 71 79
29 36 39 61 70 75 77
13 33 52 60 65 66 79
06 34 38 44 59 74 79
17 18 44 60 68 77 79
02 10 18 19 40 62 69
11 36 43 48 60 66 72
13 21 31 45 48 55 65
02 03 21 22 39 45 77
21 22 33 46 50 66 77
10 21 54 61 62 72 80
18 35 36 43 47 48 70
18 29 37 49 58 78 80
03 24 49 54 56 57 58
03 04 06 36 39 52 80
05 06 18 27 51 52 79
33 38 52 56 66 67 80
04 08 31 36 47 55 80
19 39 46 51 63 66 69
02 07 08 34 40 43 80
02 28 36 49 64 70 80
01 06 19 47 52 59 70
04 19 30 49 62 67 70
05 06 09 32 35 65 80
09 33 35 38 61 68 80
29 41 43 44 68 71 80
10 39 41 46 61 68 80
07 28 48 56 64 71 80
05 07 10 47 55 68 80
12 17 20 27 31 35 53
04 07 11 19 39 59 63
01 08 11 30 35 65 80
34 36 39 52 63 73 80
01 04 12 50 57 62 80
03 06 12 32 46 59 80
07 38 50 53 65 73 80
04 12 31 56 61 69 80
06 08 12 19 37 51 55
18 28 44 45 52 55 61
01 02 23 33 38 47 51
03 10 19 27 30 43 73
16 19 29 39 45 67 71
04 11 45 57 67 73 80
03 06 19 46 50 61 62
11 17 18 19 59 73 75
06 16 20 28 31 50 77
12 13 26 32 47 57 74
03 26 34 46 61 73 75
02 13 38 44 52 64 80
15 53 58 62 65 74 77
38 51 66 68 69 74 80
09 13 19 32 46 49 58
21 24 29 45 48 50 68
03 07 16 21 42 71 80
03 16 30 39 41 47 61
03 09 20 21 25 58 64
21 35 36 40 45 58 67
09 17 21 26 70 78 79
06 31 50 51 58 68 80
13 31 34 44 47 68 75
05 46 52 61 62 75 80
03 32 33 52 54 56 75
03 06 14 46 47 57 80
15 16 22 36 50 71 79
01 08 17 47 75 78 79
03 09 14 19 34 52 62
10 18 30 36 39 44 57
11 14 38 47 49 54 80
12 23 24 39 51 63 66
29 32 41 53 55 72 78
12 14 30 54 55 62 80
13 25 27 53 70 77 79
06 12 19 38 49 63 75
20 23 25 52 60 73 77
13 21 31 39 51 57 62
17 38 45 47 49 65 80
11 19 28 41 44 56 72
21 26 41 61 69 78 80
11 17 19 21 37 66 69
01 06 16 21 23 39 41
07 26 46 48 50 64 78
11 15 30 52 59 70 76
05 10 26 52 57 63 78
08 09 25 32 46 70 77
08 13 28 31 36 75 80
05 16 25 45 60 64 65
19 22 40 44 51 56 65
08 19 22 35 48 50 66
19 22 35 39 49 68 69
09 22 49 51 58 64 80
04 58 61 62 66 69 80
07 30 35 47 71 72 77
19 21 28 38 52 57 58
09 22 41 46 48 72 80
05 22 23 40 46 48 80
05 21 26 41 47 75 80
19 35 42 45 54 60 65
12 21 28 33 36 38 54
07 15 17 21 30 74 80
05 27 28 44 48 68 79
04 11 20 24 29 35 58
05 15 40 41 50 51 54
08 15 21 33 38 51 80
03 10 15 30 43 52 80
11 13 17 26 38 48 58
10 20 40 41 51 70 75
11 17 24 36 43 72 73
07 11 12 19 21 26 75
03 06 14 46 67 68 79
07 11 21 28 42 57 79
01 19 26 32 35 61 72
03 17 21 40 48 61 62
04 07 21 52 55 60 78
15 43 46 49 68 73 80
21 39 50 55 64 71 78
09 19 26 29 33 34 58
08 21 36 61 63 69 80
02 14 21 37 55 57 61
12 25 30 34 59 62 80
19 26 28 38 48 65 72
16 31 34 44 49 50 78
03 19 21 33 37 64 65
21 22 24 44 47 51 74
04 24 28 34 40 41 66
08 20 33 46 58 63 77
16 20 25 50 70 75 77
14 19 28 30 44 64 76
04 15 19 44 53 65 75
04 07 21 45 72 79 80
06 19 38 44 48 49 52
18 24 25 41 59 62 67
04 25 30 32 35 42 79
21 22 32 44 45 46 67
12 18 27 28 34 60 67
24 28 39 48 62 64 65
07 10 18 23 29 68 79
05 42 48 52 55 57 78
07 20 30 37 49 50 53
03 39 41 42 48 71 76
05 23 28 52 60 72 80
11 12 14 20 23 48 61
13 19 21 26 43 72 76
19 23 36 45 57 68 73
18 21 29 33 35 41 66
31 33 61 64 66 67 76
06 20 24 33 48 61 79
02 15 21 49 54 67 79
29 32 34 36 47 67 79
13 14 18 22 28 41 55
11 20 24 29 47 70 79
13 17 28 45 46 77 79
12 23 35 39 65 73 80
05 09 18 29 56 63 68
14 18 27 32 33 40 56
26 56 57 60 61 62 79
04 21 22 36 46 58 78
21 22 34 48 59 70 78
11 16 22 30 31 46 77
09 19 26 28 30 35 53
26 30 34 36 38 60 74
19 35 38 62 65 69 77
21 28 50 57 58 70 77
06 18 39 55 70 77 79
14 22 26 42 49 69 78
26 34 42 53 66 77 79
08 16 34 55 60 72 80
09 18 19 40 60 65 75
04 16 17 27 31 54 56
01 23 38 50 58 70 77
19 21 32 33 42 45 66
14 23 31 35 42 69 80
08 26 31 33 50 67 79
07 14 22 48 54 70 74
17 21 36 42 49 69 76
06 25 31 32 39 44 60
02 08 16 20 27 51 65
18 21 41 52 60 66 77
02 27 42 58 59 68 80
04 09 20 32 36 51 80
13 17 29 45 48 56 62
16 21 24 41 48 54 58
08 23 26 31 44 59 78
15 26 32 50 58 70 71
14 21 23 24 28 47 51
22 38 39 44 48 52 56
10 18 43 48 51 61 80
17 18 25 44 63 69 71
14 21 22 43 48 56 78
19 21 40 42 60 63 68
14 20 23 40 62 75 80
15 22 34 36 53 57 58
03 19 38 43 46 64 68
14 16 18 58 61 71 79
04 18 48 54 66 68 79
02 04 18 27 29 45 63
25 32 39 57 58 60 61
14 18 28 54 55 61 72
03 04 11 18 19 40 62
01 08 17 55 59 60 80
11 12 13 31 32 63 80
09 12 22 26 27 43 58
05 15 16 23 39 49 54
17 22 37 39 45 51 70
10 16 20 25 44 62 66
01 14 17 28 64 65 78
12 18 20 43 55 58 78
01 15 29 49 57 59 73
26 33 50 51 69 77 78
05 17 45 47 56 59 69
01 13 44 47 56 59 75
04 17 21 23 42 60 72
04 16 23 27 36 41 53
18 43 44 47 50 58 65
07 40 49 52 54 74 75
12 18 35 49 56 59 80
02 11 12 28 50 60 78
12 20 30 56 69 76 78
19 20 23 44 49 57 64
26 27 34 39 58 64 76
08 18 24 41 57 58 75
07 23 29 31 49 74 76
09 35 36 45 54 64 76
04 19 27 49 52 56 79
04 25 26 44 46 59 64
02 30 31 33 42 43 50
08 20 21 29 48 62 70
05 30 31 40 55 63 65
04 20 21 36 55 59 73
17 22 25 34 42 65 79
15 25 30 33 39 57 74
03 19 24 48 64 67 70
18 24 26 33 36 52 54
25 26 43 50 51 67 73
06 25 26 27 30 58 73
07 20 21 24 25 48 54
16 17 23 30 37 64 72
01 03 15 24 29 47 49
04 23 31 33 43 46 55
03 06 15 20 21 34 42
05 06 20 26 28 53 59
08 31 35 43 47 67 76
22 39 40 64 75 77 80
20 26 35 36 41 64 70
16 19 24 31 46 60 72
01 20 27 32 47 74 77
14 15 20 21 37 41 74
03 10 20 23 24 73 79
21 28 29 33 51 53 64
01 26 27 32 38 55 61
19 24 39 62 71 72 74
23 40 48 53 62 65 78
21 25 51 60 62 71 73
01 04 18 52 54 59 61
01 06 20 21 49 50 54
15 21 40 43 47 57 60
17 18 30 41 50 55 62
02 06 07 19 24 54 68
25 29 33 41 45 58 77
20 21 39 49 61 64 72
10 11 29 34 40 47 78
07 08 09 35 52 70 79
09 18 29 39 46 52 60
13 14 27 31 45 68 75
08 32 38 72 74 79 80
02 29 35 39 47 57 77
01 22 25 26 53 59 60
02 16 18 36 39 53 66
04 11 14 18 52 65 75
11 18 34 55 66 69 76
05 19 26 57 63 73 75
05 20 26 34 38 78 79
15 25 27 30 44 53 74
01 19 41 47 56 65 72
33 38 43 45 49 53 80
01 22 24 34 39 54 62
01 16 42 46 51 60 77
01 45 54 57 60 63 78
01 47 55 56 57 64 78
02 17 44 47 55 62 66
05 17 32 39 45 62 66
26 29 49 50 54 69 80
14 21 39 41 42 48 50
01 04 17 36 43 72 79
17 40 46 55 58 64 69
02 04 16 39 43 69 77
10 25 30 45 62 74 77
02 20 31 54 59 64 65
04 08 20 31 48 54 55
13 18 20 27 28 67 78
02 19 42 54 56 69 72
13 41 47 48 58 61 80
17 37 42 44 55 63 79
30 35 41 52 56 59 79
01 14 22 31 38 51 67
19 39 55 57 59 61 67
10 20 31 38 42 61 64
02 17 28 31 32 63 68
02 26 27 30 43 49 60
03 20 35 49 54 55 72
13 28 31 41 52 61 80
07 15 33 38 72 77 80
02 13 35 51 55 63 75
12 25 27 36 62 69 80
22 32 48 53 54 66 76
06 15 32 33 54 63 80
11 33 51 52 54 78 80
06 16 21 23 26 39 44
10 15 23 34 48 71 72
04 09 33 39 44 67 80
12 13 20 35 46 70 80
25 28 34 54 61 66 79
08 10 17 40 61 63 79
02 15 21 25 40 48 68
19 28 37 39 53 64 73
08 15 22 32 36 42 57
19 32 57 62 67 73 78
01 05 12 17 33 35 54
28 30 31 33 49 59 64
04 09 20 21 40 43 79
13 17 24 29 38 42 53
20 29 32 42 62 71 77
12 24 29 30 39 41 78
11 17 22 34 61 64 80
14 19 20 28 55 76 79
03 20 27 31 43 44 63
15 18 27 52 57 61 69
14 17 36 37 42 46 52
06 20 31 34 42 49 79
17 22 24 26 45 66 74
17 32 50 53 57 65 79
15 24 42 45 49 57 63
04 15 17 36 49 68 80
13 21 22 31 33 49 79
19 20 23 31 58 74 79
09 18 30 34 56 63 68
02 27 29 39 47 71 80
05 19 23 36 55 57 71
08 19 41 47 50 71 78
01 03 25 26 27 54 77
01 21 30 52 55 59 62
01 03 21 30 48 59 65
01 12 17 40 42 65 79
02 27 33 44 48 72 78
01 11 21 42 62 64 79
01 13 17 34 35 40 43
14 20 22 25 27 45 69
20 26 27 37 49 56 63
21 61 63 67 71 73 79
10 23 26 40 52 53 71
19 26 35 37 51 60 69
17 27 49 53 56 57 79
10 16 20 26 41 42 60
25 36 48 55 59 62 74
21 28 35 36 38 67 76
09 12 15 19 29 51 65
01 17 30 37 43 69 77
03 34 38 46 71 76 79
12 17 27 35 58 62 65
02 17 18 32 58 59 71
06 29 33 49 69 79 80
15 34 36 37 44 56 78
18 22 26 37 49 58 70
17 23 24 26 44 70 71
03 09 24 25 44 78 79
12 13 21 37 45 53 76
13 15 21 45 55 59 73
02 14 21 29 54 58 79
01 17 23 55 66 71 80
07 22 26 47 69 73 79
01 19 34 55 56 58 68
06 20 21 29 42 57 60
19 22 25 49 65 79 80
33 47 50 58 69 72 80
01 10 15 26 42 52 79
03 07 10 28 60 62 78
12 20 24 47 49 51 64
21 27 30 40 42 51 56
13 16 29 44 70 78 80
06 16 27 28 29 30 44
06 12 14 23 28 35 52
47 54 56 60 64 65 79
07 11 30 61 76 77 80
01 20 34 45 57 71 72
11 40 46 54 59 60 72
16 26 30 33 41 43 54
25 27 31 32 59 67 80
18 40 50 52 53 60 68
40 49 51 52 58 61 80
03 13 17 27 37 54 59
17 27 33 36 57 64 74
22 23 30 37 64 68 80
05 09 26 34 36 60 78
24 47 58 60 64 75 80
06 10 18 32 33 37 58
25 34 39 41 69 77 79
02 08 22 23 30 35 62
10 20 21 25 29 62 80
08 22 37 57 63 79 80
08 16 36 57 60 69 75
12 19 32 49 57 58 65
19 28 31 45 50 66 71
09 19 25 38 40 47 48
02 21 34 50 61 63 79
11 12 48 49 52 63 78
01 15 40 47 49 52 77
05 16 20 23 45 56 60
05 19 25 41 56 69 72
03 08 09 27 28 52 78
08 15 44 54 55 59 60
01 11 17 18 47 63 80
19 20 29 34 38 47 62
18 23 34 39 41 47 54
04 06 20 38 52 62 80
23 29 31 33 65 74 79
19 25 29 55 56 60 74
09 19 20 30 38 61 64
01 17 34 41 60 70 75
06 10 20 31 32 57 79
15 30 37 45 57 60 78
06 17 21 33 44 53 64
05 19 25 45 49 50 74
18 19 30 32 42 63 70
02 11 13 19 25 39 56
02 24 30 44 45 56 72
19 20 29 33 55 66 73
06 21 38 41 42 44 45
16 31 44 48 56 62 70
07 10 18 37 43 53 54
16 17 46 47 56 57 60
14 24 26 29 38 53 80
13 16 28 42 44 50 77
02 07 18 32 38 42 66
03 22 27 30 53 60 74
02 13 15 24 39 56 73
12 31 32 61 70 75 80
09 11 44 57 65 75 78
08 32 43 52 53 59 79
04 59 61 62 72 78 80
04 14 20 26 52 62 66
19 45 49 50 68 74 78
12 17 20 27 36 38 69
02 20 21 30 57 65 76
17 35 37 48 53 56 80
09 17 28 38 46 64 76
01 21 30 58 59 71 80
08 28 49 51 58 75 76
06 14 19 20 35 37 55
01 07 20 53 59 75 80
16 25 30 32 35 60 71
12 19 43 49 57 60 72
16 18 21 38 41 48 54
18 28 30 38 50 55 73
13 20 36 40 44 60 79
09 19 24 33 37 47 78
06 13 30 43 57 70 79
01 09 19 35 48 78 79
05 29 46 49 56 75 79
20 29 31 42 47 48 67
10 16 26 35 52 60 62
24 31 34 39 44 59 78
21 26 30 47 51 52 79
18 30 33 41 54 63 75
04 18 30 34 47 56 75
04 06 14 18 30 46 47
19 23 29 41 51 54 63
21 23 27 32 40 54 68
06 20 23 30 48 73 74
14 15 16 40 51 77 78
09 17 21 25 30 46 58
16 22 28 36 41 43 44
12 15 26 35 49 50 62
24 25 39 45 47 58 74
03 37 46 57 59 63 78
20 34 48 60 65 72 80
01 08 17 37 48 59 60
02 03 20 56 60 66 75
20 33 36 37 45 50 78
02 19 23 25 41 45 54
24 25 30 35 40 45 47
05 11 24 26 41 43 79
06 14 20 24 33 40 57
22 36 40 50 53 60 78
18 19 42 47 62 65 66
04 17 22 44 49 62 66
05 06 18 19 28 38 69
02 04 18 55 59 70 80
13 20 32 40 52 62 70
02 07 08 17 47 61 70
08 10 21 30 50 57 61
02 19 44 58 67 73 79
07 12 18 30 50 65 80
06 08 18 19 45 46 73
19 20 23 36 47 65 66
03 06 25 26 37 76 78
15 19 22 25 46 49 53
12 16 17 20 23 60 62
04 18 29 56 59 69 75
01 11 19 29 41 73 79
08 11 18 34 41 61 66
15 29 35 43 57 65 77
13 14 17 25 33 35 57
03 16 28 31 35 42 49
19 35 38 44 51 63 76
03 21 33 44 56 61 65
14 25 31 33 45 70 75
09 12 20 35 38 39 73
03 16 19 25 37 39 67
25 35 48 56 58 75 78
01 02 18 27 62 78 79
19 26 36 39 66 71 78
14 16 23 43 51 72 80
40 44 51 56 64 71 77
08 42 46 63 72 77 78
09 15 16 34 42 70 79
02 07 10 38 41 50 78
01 16 33 39 53 68 79
37 38 40 67 70 74 79
15 20 31 32 43 76 78
18 20 25 31 50 63 77
20 35 43 50 67 77 78
04 12 24 34 54 62 65
16 21 41 55 61 62 64
02 06 18 26 34 41 78
01 04 16 21 41 42 64
05 34 37 44 61 73 80
20 21 33 45 62 71 75
13 19 46 61 65 75 79
03 15 20 26 36 53 69
15 16 21 33 35 55 80
03 18 21 24 27 43 75
12 13 18 31 40 47 57
11 25 28 48 52 62 78
33 34 41 44 65 74 79
40 55 61 65 76 79 80
28 67 69 71 76 79 80
17 29 31 43 56 68 79
15 22 24 56 59 62 70
02 12 34 51 60 70 80
09 18 35 48 70 76 79
13 29 43 45 48 58 73
23 32 33 42 47 54 78
40 56 59 65 68 73 79
01 15 46 59 65 75 80
02 35 55 65 67 74 75
15 32 34 35 37 46 64
22 30 38 47 57 70 78
14 16 31 33 38 43 58
13 16 31 45 63 67 74
21 27 39 47 59 61 80
33 42 45 49 62 65 78
27 28 29 73 77 78 79
11 18 28 36 40 66 69
18 31 37 47 50 70 71
